MAV,RMS,ZC,SSC,WL,rawPeak
378.1617,462.1385,0.0,0.0,2971.3177,765.5621
391.9458,492.6531,0.0,1.0,2760.8538,767.7794
140.1005,144.0046,0.0,0.0,406.4943,208.1246
131.53,133.3824,0.0,1.0,419.2492,173.0555
479.4058,792.2065,0.0,1.0,3557.0065,1750.0839
489.2132,794.0807,0.0,2.0,2379.4753,1750.0839
214.9568,238.1487,0.0,1.0,933.038,436.1849
226.3019,246.2321,0.0,0.0,789.7469,436.1849
190.03,191.4424,0.0,0.0,562.7272,234.4124
195.1776,198.8073,0.0,2.0,677.2611,276.4943
228.0806,249.2266,0.0,2.0,1006.4868,430.5551
246.7265,271.1466,0.0,1.0,1069.2543,430.5551
205.8959,218.9231,0.0,2.0,817.4973,353.7999
218.494,232.0258,0.0,2.0,790.3929,384.1814
225.9567,238.4899,0.0,1.0,670.1382,384.1814
202.234,204.6888,0.0,3.0,598.4089,256.6825
184.408,188.0734,0.0,3.0,529.2285,256.6825
254.5199,304.3042,0.0,1.0,1376.9053,701.7299
340.4698,400.8658,0.0,3.0,1948.2518,748.1489
297.4609,349.4987,0.0,4.0,1347.1735,748.1489
248.1981,271.0184,0.0,2.0,1004.7064,409.6763
350.3914,452.1488,0.0,1.0,2113.8337,918.5019
282.9445,420.6648,0.0,1.0,1694.8933,918.5019
148.5764,169.0807,0.0,3.0,663.7871,319.2019
169.5931,183.8408,0.0,3.0,582.2971,319.2019
163.4334,169.4401,0.0,1.0,595.3516,251.8363
192.3388,204.6113,0.0,2.0,791.3086,326.7617
198.657,223.7816,0.0,3.0,983.0028,351.7732
168.9805,191.8438,0.0,5.0,660.2025,351.7732
160.4343,164.4419,0.0,5.0,485.7406,232.1918
190.8788,195.1024,0.0,3.0,615.9222,261.7457
255.3937,300.831,0.0,3.0,1016.4854,620.6177
259.3791,314.9907,0.0,1.0,1340.8203,622.0417
175.6754,201.0541,0.0,1.0,815.1559,622.0417
155.7854,159.7078,0.0,2.0,530.2519,232.0403
213.9952,246.2253,0.0,2.0,972.2727,583.2967
252.2207,302.0906,0.0,0.0,1125.9165,591.2744
177.5675,227.2726,0.0,0.0,686.8111,591.2744
115.9268,120.3768,0.0,2.0,361.5626,178.3865
150.057,167.6381,0.0,2.0,658.1801,293.0531
173.6266,188.4265,0.0,1.0,763.3167,293.0531
191.1572,202.2187,0.0,3.0,722.577,311.4575
378.602,449.7275,0.0,2.0,1940.7603,845.6861
386.6229,469.3638,0.0,2.0,2213.019,860.15
204.054,243.8858,0.0,3.0,1205.7854,860.15
200.5726,206.0553,0.0,1.0,719.394,302.5164
222.9167,228.6036,0.0,0.0,851.0907,302.5164
479.9506,697.8176,0.0,2.0,3069.8164,1502.7816
471.2074,694.3114,0.0,4.0,3024.62,1502.7816
538.7431,841.2853,0.0,2.0,3731.5788,1841.7166
513.4377,835.9045,0.0,2.0,3648.9722,1841.7166
192.3703,203.0171,0.0,3.0,725.199,322.81
218.0958,227.6409,0.0,5.0,793.2767,322.81
177.0682,183.8853,0.0,2.0,486.8252,295.4245
155.7135,157.0617,0.0,0.0,346.5211,197.3522
158.5353,159.9706,0.0,2.0,418.7911,197.3522
192.5304,207.4158,0.0,3.0,707.0241,355.2619
194.6381,209.1809,0.0,4.0,625.437,355.2619
197.8476,220.0467,0.0,0.0,887.5325,395.1805
233.346,253.0501,0.0,1.0,983.3425,395.1805
195.4885,204.634,0.0,1.0,613.2865,324.2704
593.272,1072.5337,0.0,3.0,3017.0715,2614.072
717.9316,1186.8114,0.0,3.0,5371.1176,2625.9297
294.8599,536.568,0.0,4.0,2982.739,2625.9297
178.2779,179.722,0.0,1.0,517.7923,227.6737
161.3573,163.1775,0.0,1.0,354.6518,209.0899
143.4425,144.1082,0.0,1.0,311.9683,160.4768
148.6186,150.0719,0.0,1.0,406.6967,182.7106
160.1784,169.3075,0.0,1.0,664.876,259.406
171.2816,182.3536,0.0,1.0,681.5301,259.406
259.7891,384.83,0.0,0.0,1411.1556,1143.8949
382.8831,551.612,0.0,0.0,2359.0191,1197.8787
708.3054,992.2262,0.0,2.0,5007.909,1983.6791
585.8786,911.0644,0.0,2.0,4147.9753,1983.6791
168.0578,176.6983,0.0,1.0,591.6072,333.6162
146.3183,147.7316,0.0,0.0,498.9548,195.4718
151.5055,152.9604,0.0,1.0,429.196,187.2861
663.6209,1245.9972,0.0,1.0,3190.4009,2967.1951
1351.9133,1895.7919,0.0,3.0,11390.5399,3018.2742
851.13,1438.6703,0.0,2.0,8799.1398,3018.2742
190.8152,219.3746,0.0,0.0,984.9503,392.273
240.6038,276.7284,0.0,0.0,1309.3188,432.2489
334.7491,415.7727,0.0,0.0,2038.835,791.1505
329.0009,406.7783,0.0,1.0,1693.7876,791.1505
217.5315,234.5514,0.0,2.0,832.8166,415.6484
172.2588,179.6335,0.0,3.0,731.9676,415.6484
151.7868,154.6128,0.0,2.0,521.3923,195.1878
162.2888,168.9701,0.0,1.0,607.2647,250.9191
214.7,222.4111,0.0,2.0,753.7317,323.0233
218.8338,222.789,0.0,2.0,708.3617,323.0233
173.9387,175.3068,0.0,2.0,506.3491,208.9396
428.4376,622.0455,0.0,2.0,2761.6104,1339.6317
454.0547,630.1418,0.0,4.0,3012.0351,1339.6317
234.2526,245.9391,0.0,2.0,1018.0707,389.427
233.8186,247.3944,0.0,0.0,865.5351,389.427
198.0898,206.0933,0.0,2.0,539.3433,289.975
165.206,170.7247,0.0,2.0,463.6911,257.0259
145.7589,151.3684,0.0,3.0,466.0267,232.5519
164.6661,173.1651,0.0,3.0,631.7768,243.5061
189.3131,195.2243,0.0,3.0,749.3971,267.3499
286.7876,316.7132,0.0,3.0,1285.33,584.7717
368.8787,418.9711,0.0,4.0,2032.1578,670.8391
312.9782,379.7116,0.0,3.0,1934.6621,670.8391
198.9971,240.1191,0.0,0.0,931.0728,474.2545
427.697,674.1655,0.0,2.0,3012.6758,1477.8401
462.7182,683.4873,0.0,1.0,3191.9067,1477.8401
262.6422,287.8021,0.0,2.0,1141.8723,526.9499
244.9178,275.6222,0.0,2.0,1128.687,526.9499
157.5748,163.7537,0.0,0.0,496.852,225.0883
228.4876,267.9254,0.0,2.0,952.2494,523.1511
256.4837,292.6037,0.0,2.0,1267.382,552.8605
544.7748,841.0453,0.0,3.0,3977.1807,1829.8904
523.016,833.9265,0.0,2.0,3658.442,1829.8904
149.599,154.1141,0.0,2.0,521.077,227.6202
147.6802,151.6599,0.0,1.0,467.6743,215.8328
215.0261,256.1751,0.0,1.0,1041.5708,494.036
187.3121,240.0903,0.0,1.0,939.1835,494.036
134.2436,144.784,0.0,0.0,487.8819,251.4686
376.5196,565.2339,0.0,0.0,2585.5172,1223.4281
373.0022,562.993,0.0,1.0,2625.3054,1223.4281
186.0026,207.1331,0.0,1.0,782.5564,370.6772
180.7881,202.3065,0.0,0.0,582.863,370.6772
186.4801,210.7409,0.0,2.0,791.3036,393.4677
192.9751,215.3488,0.0,2.0,676.9829,393.4677
154.84,156.4146,0.0,1.0,461.4488,192.7981
167.3305,169.6722,0.0,1.0,452.2319,222.4036
205.4245,208.8816,0.0,6.0,790.7598,323.5983
224.9352,244.5261,0.0,5.0,955.5508,392.0152
234.8139,284.8825,0.0,2.0,959.6987,528.8516
271.3795,311.5511,0.0,4.0,1340.9777,562.4969
321.5137,337.2895,0.0,5.0,1632.8976,562.4969
304.1793,319.6691,0.0,5.0,1403.5128,456.6307
232.8988,244.7464,0.0,4.0,890.3498,384.0238
173.808,181.8006,0.0,4.0,566.2451,278.7385
132.4596,136.1717,0.0,1.0,396.213,190.7549
520.171,867.4396,0.0,2.0,3834.7145,1914.4977
540.2646,870.6363,0.0,3.0,3888.7289,1914.4977
158.1936,159.3534,0.0,1.0,441.5305,197.2575
159.5969,163.9304,0.0,1.0,503.8304,232.1673
151.3717,158.1261,0.0,0.0,510.897,232.1673
137.1255,141.9244,0.0,2.0,456.6603,196.6135
132.3813,135.2825,0.0,2.0,394.5769,187.0244
170.8921,189.25,0.0,0.0,658.1437,339.8404
520.2855,801.9975,0.0,0.0,3723.2246,1747.927
493.3543,793.0009,0.0,0.0,3462.6346,1747.927
143.6532,147.0981,0.0,0.0,360.9981,200.0645
150.5709,162.3441,0.0,1.0,575.067,269.6615
160.8102,171.7224,0.0,2.0,617.8453,269.6615
157.1383,165.926,0.0,1.0,655.7725,250.8903
153.28,162.1918,0.0,1.0,559.2353,250.8903
252.3242,339.417,0.0,1.0,1494.63,714.823
392.9019,497.4249,0.0,2.0,2726.2211,830.6408
302.5381,402.647,0.0,2.0,1925.3831,830.6408
161.6023,171.6737,0.0,0.0,623.3373,281.1826
141.4559,142.9325,0.0,2.0,439.5288,174.0019
156.498,162.7535,0.0,3.0,523.2984,245.8024
165.1182,172.1929,0.0,2.0,596.1321,245.8024
297.3288,396.4553,0.0,3.0,1748.0658,835.8917
317.6285,409.9936,0.0,1.0,1929.8111,835.8917
148.5841,170.6535,0.0,0.0,650.6244,322.1821
121.4789,124.9364,0.0,1.0,360.3119,179.4026
206.6971,240.7835,0.0,4.0,902.69,460.3878
713.1066,1153.4246,0.0,3.0,5296.9368,2527.4661
659.3824,1138.7126,0.0,0.0,4863.0995,2527.4661
152.3139,155.6027,0.0,0.0,488.1468,208.249
150.51,152.2542,0.0,0.0,470.2026,186.2815
213.2864,228.6496,0.0,0.0,774.2576,390.6128
243.6297,253.6609,0.0,0.0,848.1646,390.6128
248.8286,273.3186,0.0,0.0,904.6794,463.0542
242.8393,268.1998,0.0,2.0,979.9476,463.0542
211.6371,217.6131,0.0,4.0,796.6081,311.0171
196.0982,203.9312,0.0,6.0,766.7911,311.0171
166.0706,169.2122,0.0,3.0,519.3463,228.5517
316.2503,444.7264,0.0,0.0,1185.9942,978.8455
391.1798,490.5266,0.0,3.0,2079.7215,1002.9869
248.5429,273.0872,0.0,4.0,1330.3531,1002.9869
168.2324,172.7743,0.0,1.0,417.7162,304.761
229.571,285.2277,0.0,4.0,1777.9491,836.0448
378.3951,483.6416,0.0,4.0,2620.0617,917.4839
337.3529,438.6019,0.0,2.0,1460.2897,917.4839
343.4523,418.4281,0.0,3.0,1950.8386,819.5618
402.5544,465.7354,0.0,5.0,2416.2638,819.5618
265.1382,299.0796,0.0,2.0,1251.7917,563.0358
172.7505,186.6218,0.0,0.0,677.4092,274.3178
137.9407,150.3148,0.0,1.0,409.6006,274.3178
188.7186,235.8851,0.0,2.0,950.1096,476.1475
249.81,287.5582,0.0,2.0,1129.9019,476.1475
198.5563,217.5965,0.0,1.0,747.5516,375.2527
439.1775,865.8209,0.0,1.0,3104.4123,2636.3193
735.6334,1200.5433,0.0,3.0,5652.6199,2646.8481
455.5442,847.6183,0.0,3.0,3244.7021,2646.8481
144.6212,147.9216,0.0,0.0,617.5236,356.9128
134.4255,134.8832,0.0,0.0,360.5317,163.3467
193.2802,222.1512,0.0,3.0,849.0059,421.2453
238.9107,266.6955,0.0,3.0,1251.851,421.2453
212.8481,237.7897,0.0,1.0,931.3002,432.6617
177.5046,196.0371,0.0,3.0,679.8601,432.6617
171.0555,177.3381,0.0,2.0,717.2131,254.7095
170.1333,175.3079,0.0,1.0,624.929,254.7095
176.5951,180.174,0.0,3.0,586.2636,237.8325
204.4008,210.2644,0.0,2.0,675.0264,306.169
184.0845,191.5132,0.0,1.0,546.0587,306.169
158.3073,161.166,0.0,2.0,442.6258,216.2345
149.1405,152.8342,0.0,1.0,425.4706,216.2345
337.2443,481.5029,0.0,4.0,2315.0908,1031.376
418.708,526.4802,0.0,5.0,2725.6152,1031.376
270.9634,291.1195,0.0,3.0,992.7422,496.9574
703.6138,1197.999,0.0,1.0,3207.0141,2749.1685
743.0226,1244.0278,0.0,2.0,5576.2212,2749.2935
267.1837,406.9042,0.0,0.0,3149.1871,2749.2935
204.0603,207.5999,0.0,1.0,772.8168,270.2464
193.347,198.0265,0.0,2.0,709.1247,264.1662
197.4694,203.9057,0.0,1.0,657.7937,286.1338
193.4006,199.8255,0.0,0.0,595.8673,286.1338
274.5824,316.4369,0.0,2.0,1384.9881,576.3015
825.5497,1326.219,0.0,3.0,6512.4076,2888.0837
731.4317,1301.2662,0.0,2.0,3804.503,2888.0837
308.1868,402.924,0.0,0.0,1747.0213,835.3486
307.4577,401.7419,0.0,1.0,1697.0156,835.3486
168.7583,170.5448,0.0,2.0,458.1957,210.5047
359.7792,541.3638,0.0,2.0,2397.2303,1173.314
348.1021,538.1822,0.0,3.0,2433.8604,1173.314
147.4916,151.1018,0.0,3.0,537.8839,207.8004
218.0415,357.0142,0.0,3.0,2133.8503,1713.0416
486.0591,784.0547,0.0,1.0,3541.7875,1724.3206
746.3857,1059.0009,0.0,1.0,3529.6547,1780.8212
584.0118,841.7444,0.0,3.0,4267.7576,1780.8212
280.1663,330.7387,0.0,1.0,2208.7405,1116.7322
397.9864,670.6263,0.0,0.0,4545.5556,2982.1272
926.9258,1409.7115,0.0,1.0,7685.5842,3022.3518
749.5928,1265.5221,0.0,1.0,4098.2156,3022.3518
290.05,357.8844,0.0,3.0,1801.667,644.9114
263.0332,327.2665,0.0,3.0,1472.7206,644.9114
154.6524,171.3523,0.0,1.0,830.4021,397.6541
167.8959,209.588,0.0,2.0,922.7336,425.7803
208.9024,236.5724,0.0,1.0,832.4149,425.7803
176.5233,181.3385,0.0,4.0,640.8966,265.0772
156.0205,156.7428,0.0,5.0,464.4323,181.705
186.3377,197.9689,0.0,5.0,898.015,505.7417
259.6959,300.1467,0.0,1.0,1165.4102,559.2654
247.5401,286.7483,0.0,1.0,819.4947,559.2654
244.0899,271.4956,0.0,4.0,1127.2185,484.3822
234.6637,264.0209,0.0,4.0,1049.4753,484.3822
180.3053,182.4327,0.0,2.0,562.2044,238.0699
208.4987,211.641,0.0,4.0,631.4281,273.4346
231.8642,234.6624,0.0,2.0,667.8413,297.121
235.0469,238.8684,0.0,0.0,726.5455,297.121
192.406,200.5864,0.0,0.0,602.6497,293.4832
163.0285,168.0958,0.0,2.0,635.4194,238.1856
218.1167,235.2671,0.0,1.0,905.6658,390.1381
242.6879,254.7827,0.0,0.0,980.9287,390.1381
253.702,259.5801,0.0,2.0,865.7447,374.285
307.2585,315.8822,0.0,5.0,1093.472,409.6808
267.2965,285.0985,0.0,3.0,1012.3814,409.6808
178.9178,190.1946,0.0,0.0,620.8784,338.7578
185.2624,192.301,0.0,2.0,619.1965,263.472
226.5678,233.222,0.0,3.0,773.2898,344.0473
191.6061,203.8146,0.0,4.0,647.4348,344.0473
201.5327,235.1233,0.0,3.0,952.1301,448.2527
417.7586,482.7435,0.0,3.0,2294.0486,765.4395
362.5955,449.1194,0.0,2.0,2343.6771,765.4395
145.8444,154.7928,0.0,2.0,806.1784,485.6063
537.4125,875.623,0.0,2.0,3900.495,1931.5035
568.3047,882.1078,0.0,4.0,3917.9178,1931.5035
185.3791,190.9451,0.0,1.0,629.7634,270.8448
437.5664,684.5079,0.0,0.0,3018.6822,1498.7892
455.7538,691.1948,0.0,2.0,3222.8409,1498.7892
163.6564,177.7402,0.0,5.0,560.7996,305.1237
144.6813,151.3586,0.0,2.0,494.5017,238.8483
149.6818,156.0816,0.0,3.0,492.3688,238.8483
175.9871,187.3288,0.0,2.0,682.8437,295.9711
188.918,198.7342,0.0,4.0,632.8546,295.9711
512.6845,804.5098,0.0,3.0,3690.6053,1759.176
505.1157,804.3795,0.0,4.0,3679.3265,1759.176
150.1116,164.764,0.0,2.0,645.6719,248.4552
160.3642,169.0093,0.0,1.0,639.1473,225.3025
730.5635,1289.4858,0.0,0.0,5792.2596,2864.4592
711.5282,1286.7853,0.0,0.0,5593.2544,2864.4592
139.0096,139.7193,0.0,0.0,317.3763,172.4273
156.1283,160.5038,0.0,0.0,502.252,233.9018
164.3003,172.6206,0.0,0.0,615.95,237.9682
474.8486,733.856,0.0,2.0,2983.1101,1599.467
621.6068,812.4648,0.0,2.0,4241.3279,1599.467
321.8419,392.5251,0.0,0.0,1577.7667,771.9675
204.7233,207.7961,0.0,0.0,579.4164,281.1216
208.0558,213.8284,0.0,1.0,633.1947,281.1216
170.5494,177.2909,0.0,0.0,542.4556,265.7243
180.7288,195.365,0.0,2.0,686.2776,330.2906
202.6547,213.3625,0.0,3.0,755.2017,330.2906
199.8928,202.3788,0.0,2.0,537.1499,257.5733
238.0858,263.0799,0.0,4.0,1246.2958,803.2291
338.3556,424.1403,0.0,3.0,1874.9778,861.8129
349.2485,433.6888,0.0,3.0,1609.1381,861.8129
221.5827,259.0796,0.0,1.0,1014.6857,495.3951
155.0184,155.8353,0.0,0.0,410.1999,193.1133
174.4724,177.0616,0.0,1.0,457.5125,249.5819
289.2052,363.5512,0.0,0.0,1554.7863,735.5266
272.4277,354.9698,0.0,1.0,1483.4614,735.5266
689.4655,1156.5544,0.0,2.0,5150.471,2556.6577
684.4164,1156.0565,0.0,2.0,5159.7025,2556.6577
145.2254,147.762,0.0,0.0,441.2363,198.0255
154.5302,155.3459,0.0,0.0,411.0204,185.799
166.928,167.2734,0.0,0.0,396.0916,194.4927
175.4106,178.3015,0.0,0.0,537.8969,245.0032
205.7408,222.7343,0.0,2.0,875.2878,365.5815
196.3974,216.3095,0.0,5.0,928.0196,365.5815
150.7381,155.9963,0.0,2.0,486.435,243.8367
153.381,156.1678,0.0,1.0,452.9263,209.7309
753.4494,1177.8795,0.0,3.0,5440.7597,2553.6772
805.5528,1192.5935,0.0,5.0,5843.7713,2553.6772
207.0128,244.8037,0.0,1.0,745.8044,473.1302
423.1453,642.4602,0.0,0.0,3876.171,1349.3376
630.1562,848.3619,0.0,1.0,4954.2547,1372.0728
338.2949,569.8246,0.0,1.0,1566.3769,1372.0728
136.015,141.5914,0.0,0.0,449.6703,222.0167
171.7741,181.2562,0.0,0.0,648.9695,276.1176
223.8808,242.0141,0.0,0.0,1006.7619,405.1364
223.8018,252.9156,0.0,0.0,1268.8166,566.3826
233.5233,288.1408,0.0,1.0,1314.6829,574.2909
501.5482,788.7634,0.0,2.0,2984.5819,1947.1882
1076.3406,1505.2476,0.0,1.0,7758.1804,2741.9775
816.9181,1317.0505,0.0,1.0,7314.5295,2741.9775
233.9092,267.9081,0.0,1.0,1699.4372,1074.3148
201.1828,220.7202,0.0,1.0,780.5579,393.0925
169.8965,178.7243,0.0,2.0,594.308,283.8592
198.7118,206.6233,0.0,1.0,741.5361,283.8592
225.4466,248.4254,0.0,1.0,1123.5263,423.453
194.5538,224.4242,0.0,2.0,915.2559,423.453
191.8395,208.1864,0.0,1.0,714.7349,360.6158
199.3923,214.7073,0.0,3.0,701.8797,360.6158
170.0361,175.9163,0.0,3.0,653.0599,257.9453
160.9312,167.2488,0.0,2.0,577.4563,257.9453
149.2577,152.9489,0.0,4.0,539.9541,215.0992
929.519,1276.0269,0.0,3.0,6931.3703,2130.9326
945.5157,1278.931,0.0,2.0,6174.8257,2130.9326
189.1811,198.8942,0.0,1.0,882.4631,520.6856
163.9241,169.7736,0.0,1.0,426.2155,258.6607
152.1141,161.7372,0.0,2.0,542.8103,264.6888
171.9546,182.3138,0.0,2.0,732.8139,264.6888
142.9069,153.6242,0.0,2.0,569.1158,231.3658
110.391,115.7372,0.0,1.0,413.5592,212.5839
121.9615,123.9832,0.0,2.0,450.4796,158.6125
128.2328,129.7638,0.0,4.0,456.1921,158.6125
117.0191,119.9413,0.0,3.0,380.6997,154.6152
127.8373,146.8252,0.0,1.0,580.8469,267.9703
143.6549,159.0449,0.0,2.0,698.2854,267.9703
130.0109,133.5151,0.0,4.0,504.9089,177.6426
109.5364,113.3991,0.0,3.0,391.9599,174.4831
116.0835,131.3447,0.0,3.0,555.8374,239.5798
290.3975,445.7302,0.0,0.0,2161.7943,961.92
268.365,436.4416,0.0,0.0,1332.7487,961.92
136.5399,151.9372,0.0,1.0,697.5165,271.5482
196.0151,214.1822,0.0,3.0,1054.8551,339.8357
159.4516,182.6827,0.0,3.0,710.3803,339.8357
133.3927,159.1882,0.0,2.0,882.4005,287.738
147.7109,178.9979,0.0,2.0,833.7316,287.738
109.7335,128.6755,0.0,1.0,416.8534,259.6642
78.808,80.0609,0.0,0.0,217.6976,116.535
74.3015,74.8617,0.0,1.0,173.8272,91.145
72.3262,73.1784,0.0,1.0,185.5045,91.145
82.3189,85.1611,0.0,1.0,276.2271,131.0725
83.0403,85.7831,0.0,1.0,261.1633,131.0725
322.5041,682.9868,0.0,1.0,2001.6235,1858.8843
459.1471,834.684,0.0,2.0,3751.4449,1859.377
236.1729,491.9507,0.0,3.0,2145.7023,1859.377
241.1266,341.6234,0.0,2.0,1539.1342,727.6976
246.9295,347.6176,0.0,1.0,1370.6818,727.6976
163.3845,206.7641,0.0,1.0,938.7555,418.0106
208.4279,239.3965,0.0,3.0,1074.2185,418.0106
267.1934,307.885,0.0,2.0,1471.0232,557.5608
237.7222,286.8835,0.0,3.0,1297.2171,557.5608
154.9732,159.5782,0.0,6.0,556.2839,238.9144
139.4144,142.647,0.0,3.0,468.7326,186.0389
126.1854,133.153,0.0,1.0,474.1943,186.0389
119.3492,124.4941,0.0,4.0,458.1944,175.1084
390.2328,635.3931,0.0,4.0,2877.2253,1400.3401
398.4271,638.2965,0.0,3.0,2920.5033,1400.3401
122.7506,132.7526,0.0,1.0,459.4202,218.8891
108.654,113.2848,0.0,0.0,382.7107,158.2112
103.6843,107.1597,0.0,1.0,292.1607,158.2112
88.1885,89.1804,0.0,1.0,203.4128,119.9093
98.2907,108.6868,0.0,1.0,363.8861,192.1096
92.9614,105.2807,0.0,1.0,320.9557,192.1096
80.7649,82.3006,0.0,2.0,266.4816,100.5813
98.8737,101.3844,0.0,5.0,352.8729,145.6874
110.1265,116.5296,0.0,6.0,438.5826,172.9517
112.057,121.3593,0.0,4.0,415.5897,186.6965
319.916,519.9535,0.0,2.0,2291.9015,1143.9003
303.6393,515.962,0.0,1.0,1464.5819,1143.9003
71.3497,72.1316,0.0,0.0,192.7931,92.9059
85.6485,109.7502,0.0,1.0,488.5743,345.8332
122.4697,166.7523,0.0,2.0,741.6357,351.2831
114.3504,149.049,0.0,5.0,546.2012,351.2831
85.7907,87.6432,0.0,4.0,308.342,122.6439
104.5891,113.0868,0.0,3.0,427.9331,190.0496
94.875,106.6398,0.0,1.0,285.7763,190.0496
91.6159,106.4226,0.0,3.0,416.5436,205.5463
101.1366,114.0877,0.0,3.0,428.6991,205.5463
124.3635,163.958,0.0,4.0,551.2909,372.9972
141.8417,182.1462,0.0,4.0,775.3573,374.6229
102.714,118.2651,0.0,3.0,512.0572,374.6229
86.7881,88.1054,0.0,2.0,278.5825,113.2987
109.3411,123.3353,0.0,2.0,515.4382,225.7806
108.7276,123.4958,0.0,1.0,561.5007,225.7806
92.2721,97.2586,0.0,0.0,346.1846,144.8101
92.1757,95.8035,0.0,0.0,269.6126,144.8101
91.5331,92.5918,0.0,2.0,260.2314,115.8479
112.5836,117.571,0.0,5.0,442.8126,186.8772
111.2926,116.8097,0.0,3.0,373.2785,186.8772
104.1748,108.152,0.0,2.0,357.9742,159.3406
119.026,122.876,0.0,3.0,441.1859,159.3406
163.5702,183.1404,0.0,3.0,742.9316,342.7668
172.4827,189.4798,0.0,4.0,777.7015,342.7668
198.9541,223.4313,0.0,4.0,927.8674,410.3215
278.2141,328.5649,0.0,2.0,1663.7587,575.4789
205.9049,273.336,0.0,0.0,1161.3364,575.4789
215.7075,310.6375,0.0,0.0,1386.6152,667.2534
205.9901,307.7014,0.0,1.0,916.4814,667.2534
114.6201,131.4945,0.0,1.0,523.1786,256.2715
111.3001,128.6933,0.0,2.0,493.4836,256.2715
108.3333,121.7026,0.0,0.0,467.6254,221.603
367.8181,575.0073,0.0,2.0,2733.2842,1258.3086
334.2429,567.0865,0.0,2.0,2392.8125,1258.3086
69.8594,71.6419,0.0,0.0,212.5952,103.2382
63.1402,65.4628,0.0,1.0,208.4154,103.2382
68.5664,74.3282,0.0,3.0,307.4458,130.2266
298.3568,515.8697,0.0,2.0,2288.3948,1143.786
288.8501,514.1434,0.0,2.0,2272.1309,1143.786
60.0671,62.2748,0.0,0.0,226.9555,149.6897
77.7443,88.0525,0.0,2.0,423.641,194.9291
114.7059,138.5856,0.0,3.0,640.1615,272.1805
95.6171,122.2877,0.0,1.0,374.6651,272.1805
102.3764,130.2416,0.0,0.0,535.7022,265.8495
116.1394,138.3251,0.0,2.0,614.6198,265.8495
86.3668,88.2376,0.0,4.0,282.5967,118.9841
101.7003,109.3373,0.0,2.0,496.921,204.1703
115.9766,129.7211,0.0,3.0,554.335,225.7697
89.4915,104.5874,0.0,5.0,350.6282,225.7697
186.2478,240.1643,0.0,2.0,1043.9592,510.9568
190.732,241.6934,0.0,1.0,793.9602,510.9568
70.8069,72.6088,0.0,2.0,221.4915,107.5743
131.6743,179.1501,0.0,1.0,746.5007,377.8693
135.7054,181.0825,0.0,2.0,535.9854,377.8693
309.1029,617.9504,0.0,0.0,1837.1339,1616.4503
413.4285,728.6186,0.0,1.0,3309.3831,1620.2657
209.4234,403.0976,0.0,1.0,1971.4864,1620.2657
157.8783,178.0271,0.0,1.0,871.3688,306.3416
155.3291,175.5677,0.0,3.0,831.2571,306.3416
121.5194,127.097,0.0,3.0,411.9811,197.9795
123.568,131.5396,0.0,2.0,450.2472,209.7752
161.8817,170.6795,0.0,3.0,629.4023,228.3481
155.7022,161.3021,0.0,6.0,563.9137,228.3481
110.7463,112.5729,0.0,5.0,394.2896,179.5303
109.4787,110.8949,0.0,3.0,396.9006,145.9802
122.7825,124.7045,0.0,5.0,472.2648,173.4933
121.0331,123.6138,0.0,4.0,414.9906,173.4933
106.9562,108.9224,0.0,0.0,240.5692,151.5201
117.8181,128.6735,0.0,4.0,434.345,225.832
123.1265,133.9686,0.0,3.0,508.1806,225.832
148.2036,178.6519,0.0,1.0,712.749,401.5144
160.0104,202.8561,0.0,1.0,903.636,409.353
112.6588,141.2904,0.0,2.0,551.3851,409.353
90.0759,91.3988,0.0,1.0,211.7531,125.3943
115.6785,132.8975,0.0,2.0,495.9165,249.829
114.6561,132.7205,0.0,3.0,526.0512,249.829
89.2026,95.9546,0.0,3.0,365.4886,153.2281
101.8407,125.7125,0.0,0.0,434.0401,256.3947
99.6492,128.4709,0.0,1.0,520.9878,267.1841
119.8584,139.2223,0.0,3.0,748.8907,267.1841
109.116,124.8084,0.0,2.0,452.3835,228.4538
76.3278,82.4622,0.0,0.0,295.8215,138.4674
139.1554,186.7047,0.0,1.0,841.6338,384.792
289.5001,412.4235,0.0,1.0,2033.4844,833.1444
222.0313,376.0501,0.0,0.0,1642.7996,833.1444
72.2224,74.5269,0.0,0.0,242.3111,112.1402
78.392,79.9856,0.0,2.0,244.2611,112.1402
74.9697,76.4234,0.0,2.0,237.9732,102.6052
99.842,160.3801,0.0,0.0,930.1158,762.2286
221.4663,351.3895,0.0,1.0,1555.9839,771.189
336.598,464.1743,0.0,2.0,2154.3988,771.189
210.7429,342.1094,0.0,2.0,1037.941,752.6541
60.8674,62.9063,0.0,1.0,220.1615,96.684
272.6615,476.5658,0.0,0.0,3301.207,1362.8671
562.8184,800.8043,0.0,0.0,4833.745,1492.9192
493.2486,722.9724,0.0,0.0,2833.5403,1492.9192
234.6817,338.2442,0.0,0.0,1568.5808,723.1719
119.1914,125.144,0.0,0.0,514.9901,176.4973
362.654,583.7111,0.0,2.0,2758.3916,1283.96
378.3231,589.8694,0.0,2.0,2870.0283,1283.96
391.4445,669.2242,0.0,1.0,2035.0792,1658.9545
478.3018,761.5518,0.0,2.0,3437.5017,1680.5371
233.5869,397.3251,0.0,2.0,1969.6543,1680.5371
284.5421,394.0868,0.0,0.0,1756.2814,843.5156
272.4979,389.8079,0.0,1.0,1203.3637,843.5156
113.5455,115.5068,0.0,0.0,326.7715,148.9335
125.3424,127.7754,0.0,4.0,445.8127,170.7162
122.6553,125.6513,0.0,3.0,419.2791,170.7162
94.3422,96.9984,0.0,1.0,313.3659,142.332
134.8419,159.6749,0.0,1.0,764.5722,276.1982
189.1035,210.0465,0.0,0.0,1052.9407,277.6649
152.7353,175.631,0.0,2.0,772.7644,295.2494
113.4313,125.0197,0.0,1.0,496.6806,295.2494
96.9232,101.4064,0.0,1.0,295.9629,158.5281
77.0032,77.8819,0.0,5.0,243.0957,99.7455
75.4557,76.0651,0.0,2.0,221.3261,96.4658
224.5355,351.1787,0.0,2.0,1542.3736,770.3713
219.5751,350.3972,0.0,2.0,1538.1734,770.3713
76.2162,79.2953,0.0,1.0,295.5145,110.6835
136.1925,178.1577,0.0,4.0,545.5054,376.7039
130.9466,179.7282,0.0,4.0,771.8387,380.2927
66.1568,77.7974,0.0,1.0,480.3834,380.2927
69.977,73.8288,0.0,2.0,272.8612,119.8142
138.6609,191.8458,0.0,3.0,875.1579,403.2422
125.6638,186.3136,0.0,3.0,808.5041,403.2422
154.9317,269.9663,0.0,0.0,737.7615,657.0608
184.2571,298.2542,0.0,0.0,1320.9644,657.1254
83.2779,137.9643,0.0,0.0,731.1753,657.1254
55.3128,55.8878,0.0,1.0,169.0217,72.9171
59.44,60.9141,0.0,1.0,207.9144,86.1306
443.017,827.2152,0.0,0.0,3745.8797,1845.7954
447.5514,827.564,0.0,0.0,2315.8647,1845.7954
73.3325,74.3124,0.0,0.0,208.4534,93.9365
79.7582,85.0799,0.0,0.0,311.063,138.0419
81.1436,86.3355,0.0,0.0,290.3391,138.0419
93.6617,99.3482,0.0,2.0,359.8144,163.2671
89.1187,95.8527,0.0,3.0,319.773,163.2671
73.0971,73.6324,0.0,4.0,208.0464,91.2056
240.8531,441.5725,0.0,1.0,1258.4471,1110.005
297.5014,501.9359,0.0,1.0,2231.5784,1110.7869
153.4767,259.9048,0.0,1.0,1314.6813,1110.7869
113.3954,118.2433,0.0,2.0,358.0164,169.928
107.8298,110.4067,0.0,2.0,369.3605,143.7312
108.5166,110.8108,0.0,4.0,408.4084,146.8192
470.313,794.6964,0.0,2.0,3651.6354,1760.0533
472.2091,795.9434,0.0,6.0,2445.5424,1760.0533
167.7843,189.3645,0.0,5.0,907.0424,316.3915
159.1271,180.5584,0.0,2.0,803.421,316.3915
126.586,137.54,0.0,3.0,533.7724,243.1486
265.9678,370.8776,0.0,1.0,1770.9423,781.0435
282.7309,386.3877,0.0,0.0,2031.0337,781.0435
248.6828,341.1434,0.0,1.0,1583.4767,868.5164
271.3123,407.8799,0.0,2.0,2054.4142,872.0969
147.2261,278.178,0.0,2.0,960.7057,872.0969
79.8691,85.8434,0.0,2.0,287.591,147.4198
100.0054,109.5135,0.0,1.0,442.736,170.1298
256.1682,520.8767,0.0,1.0,2410.5669,1840.1597
537.8895,851.7943,0.0,3.0,4361.8624,1851.8854
555.6423,808.906,0.0,2.0,3765.3447,1851.8854
260.8839,443.8299,0.0,3.0,1340.4607,1015.9536
86.8975,96.7988,0.0,3.0,401.3322,158.0529
282.2533,465.0636,0.0,3.0,2144.7689,1023.9202
291.2535,470.4505,0.0,3.0,2374.35,1023.9202
86.3794,111.9504,0.0,0.0,475.0663,230.3812
148.9627,222.5773,0.0,2.0,979.9878,482.9565
160.3694,226.9518,0.0,2.0,1074.832,482.9565
79.0704,88.4958,0.0,1.0,389.2744,139.4395
382.8608,683.6425,0.0,3.0,3129.4641,1520.5013
570.9496,812.0884,0.0,4.0,5128.9361,1520.5013
315.5973,468.6,0.0,1.0,1930.4685,983.3691
135.2925,173.3091,0.0,0.0,696.6518,328.4092
85.6364,99.8606,0.0,1.0,349.3062,220.7058
72.7262,74.3648,0.0,0.0,231.5343,103.791
63.7686,64.5717,0.0,1.0,163.8451,80.216
56.9515,57.6257,0.0,1.0,166.2686,75.0103
93.0984,108.8828,0.0,3.0,480.3653,199.9307
111.6869,122.8017,0.0,3.0,544.9382,199.9307
141.1737,181.693,0.0,1.0,784.2067,370.1066
152.5827,189.1314,0.0,0.0,902.4252,370.1066
155.1405,183.2278,0.0,2.0,802.3915,346.6413
146.6966,176.2121,0.0,2.0,703.92,346.6413
106.2578,110.2429,0.0,0.0,391.785,162.45
143.0733,150.9418,0.0,2.0,561.2742,233.3116
166.7389,171.4811,0.0,4.0,596.3456,263.6923
190.016,213.8783,0.0,3.0,991.666,379.7855
163.2958,196.4675,0.0,2.0,855.5662,379.7855
99.6624,105.7051,0.0,0.0,399.2016,162.0075
90.5893,92.9327,0.0,2.0,265.3159,128.9359
98.0889,100.6218,0.0,1.0,310.8184,143.616
112.5638,118.7154,0.0,2.0,411.2464,178.0043
105.1733,111.5164,0.0,3.0,324.373,178.0043
94.3874,97.4569,0.0,1.0,296.8707,137.2666
399.2438,697.6736,0.0,2.0,3135.0928,1549.5814
379.4142,695.1966,0.0,1.0,3039.153,1549.5814
65.534,66.5021,0.0,0.0,212.0624,89.8011
69.4229,70.04,0.0,0.0,189.7172,89.8011
74.2921,75.9188,0.0,1.0,232.5803,107.8213
139.6647,186.5431,0.0,1.0,833.4701,388.3292
126.4818,181.2294,0.0,1.0,762.73,388.3292
90.4299,108.7568,0.0,0.0,487.7508,249.6829
114.7241,136.2298,0.0,1.0,673.4399,252.15
120.0698,146.326,0.0,3.0,676.8623,252.15
90.4413,118.7524,0.0,1.0,432.2963,246.2014
60.8586,94.3013,0.0,3.0,873.0463,769.1365
251.5545,438.743,0.0,1.0,1955.6274,974.2473
243.7905,431.9789,0.0,1.0,1138.0893,974.2473
63.5726,65.3165,0.0,0.0,239.0046,100.0047
93.3237,104.228,0.0,1.0,438.3207,187.781
95.5464,105.6874,0.0,1.0,418.4267,187.781
64.7028,69.9387,0.0,1.0,432.2128,286.8272
118.951,175.3777,0.0,2.0,769.6784,378.7221
121.1537,174.6033,0.0,1.0,496.1525,378.7221
91.0989,102.1964,0.0,0.0,405.481,185.7844
88.8202,100.7635,0.0,1.0,361.8663,185.7844
68.1711,69.1566,0.0,2.0,159.1053,85.7661
149.7974,287.2389,0.0,1.0,1082.2849,962.462
255.7103,436.1744,0.0,1.0,1934.1884,967.0327
179.2606,336.6261,0.0,1.0,1091.9673,967.0327
116.858,141.8067,0.0,1.0,621.4107,281.6774
134.4868,153.0243,0.0,2.0,659.8828,281.6774
95.5501,98.1975,0.0,2.0,274.9296,146.1713
112.2067,118.2081,0.0,2.0,409.6616,178.9539
133.6364,142.0562,0.0,4.0,504.845,218.94
188.3659,228.996,0.0,2.0,982.219,440.3497
192.9555,230.5667,0.0,6.0,1037.2668,440.3497
134.1271,143.3202,0.0,3.0,643.0145,238.2919
128.8206,143.8194,0.0,0.0,623.3441,238.2919
114.8711,127.297,0.0,3.0,419.3125,237.1399
84.1559,87.2029,0.0,2.0,240.3016,137.9941
105.1873,122.1373,0.0,2.0,459.8846,234.1578
110.2437,125.0258,0.0,2.0,398.2844,234.1578
84.2427,85.1582,0.0,1.0,201.4421,114.2344
81.6045,82.9836,0.0,1.0,214.0817,114.2344
94.8277,99.4209,0.0,1.0,347.9036,154.1599
110.9576,114.3865,0.0,3.0,428.9735,154.1599
105.4585,115.3972,0.0,3.0,485.2749,183.2812
118.7078,133.0113,0.0,0.0,588.7843,207.3464
108.9162,120.6055,0.0,1.0,500.1003,207.3464
107.2632,124.3567,0.0,2.0,528.5634,226.7241
99.272,118.3621,0.0,2.0,396.2921,226.7241
187.6802,291.8433,0.0,0.0,1312.4871,638.6754
193.0203,293.4283,0.0,2.0,1407.3302,638.6754
74.5024,83.8797,0.0,2.0,360.9193,148.2675
66.4122,73.5268,0.0,2.0,265.7668,145.0266
68.0679,68.9069,0.0,0.0,232.4363,91.8183
111.706,139.8519,0.0,1.0,642.9338,281.9664
109.0838,138.5563,0.0,6.0,652.3593,281.9664
66.4449,67.3781,0.0,4.0,215.5966,85.2125
70.2498,71.7011,0.0,0.0,258.9749,98.9987
145.4003,265.682,0.0,2.0,1022.1732,836.8885
229.735,381.2655,0.0,2.0,1691.9319,843.2717
156.9622,283.5953,0.0,3.0,992.5263,843.2717
67.641,69.5405,0.0,2.0,210.4836,101.3167
215.4392,353.213,0.0,1.0,1544.6415,779.3251
230.7878,357.0001,0.0,3.0,1647.0075,779.3251
99.3689,105.5216,0.0,1.0,401.8832,160.9096
104.9594,112.8311,0.0,0.0,447.6824,160.9096
94.612,99.3633,0.0,0.0,318.768,155.7721
89.0279,91.2135,0.0,1.0,257.8104,133.3754
115.1338,128.6463,0.0,1.0,513.5856,229.9873
111.2645,124.9113,0.0,1.0,485.8589,229.9873
90.9221,91.8903,0.0,0.0,261.8625,117.0968
113.7557,116.0818,0.0,3.0,376.2531,160.9855
128.5246,129.6116,0.0,2.0,419.0683,170.8777
140.5858,146.4894,0.0,1.0,450.3065,233.4146
117.5488,129.4325,0.0,2.0,398.8941,233.4146
77.1622,78.3874,0.0,1.0,268.2016,113.7175
282.6785,472.2231,0.0,1.0,2098.4495,1044.4462
291.7365,473.9095,0.0,1.0,2070.3121,1044.4462
115.1234,133.9189,0.0,1.0,885.5597,523.6921
199.3112,276.1069,0.0,1.0,1313.2803,575.5656
201.7389,274.1705,0.0,5.0,940.3041,575.5656
436.2585,442.5816,0.0,5.0,1452.4483,631.4851
183.84,188.5287,0.0,2.0,549.7615,262.6164
179.9212,183.7763,0.0,0.0,547.4104,243.2603
193.1223,195.0048,0.0,3.0,548.9987,243.2603
219.867,231.9664,0.0,2.0,838.4755,518.2589
371.2662,399.2308,0.0,5.0,1398.1893,583.6666
535.8796,542.4543,0.0,3.0,1762.9239,698.5093
565.3358,574.1575,0.0,4.0,2212.84,793.1993
512.0942,536.4918,0.0,4.0,2037.7693,793.4903
521.0715,545.8467,0.0,0.0,1719.8124,793.4903
114.0463,230.6542,0.0,1.0,1115.0089,515.1653
17.1282,29.9585,0.0,2.0,220.1182,111.3518
116.6024,210.6899,0.0,3.0,999.7157,467.1885
111.238,209.6078,0.0,4.0,974.2539,467.1885
13.7618,15.9768,0.0,1.0,57.0617,26.2341
26.6192,31.6977,0.0,3.0,126.9095,59.3973
31.4679,34.5047,0.0,3.0,146.1345,59.3973
75.2968,110.9855,0.0,2.0,420.1734,237.5935
90.2965,117.3949,0.0,2.0,500.8771,237.5935
49.014,54.5879,0.0,2.0,234.5336,114.2006
47.2729,52.9048,0.0,2.0,232.9673,83.8861
38.0605,44.0041,0.0,3.0,152.3331,83.8861
31.0579,32.6224,0.0,2.0,123.9076,51.1082
118.4889,157.6736,0.0,1.0,755.8295,281.1832
127.4331,162.9601,0.0,3.0,916.5469,281.1832
45.3178,56.0734,0.0,4.0,305.4037,224.1011
33.714,36.0879,0.0,2.0,158.2544,51.8487
32.9945,36.0303,0.0,3.0,165.5673,55.9729
34.1316,36.7158,0.0,2.0,159.9577,55.9729
37.0432,39.2798,0.0,2.0,174.1206,73.0354
81.7895,95.8008,0.0,2.0,339.2203,201.5911
137.0773,141.2316,0.0,4.0,509.4032,201.5911
127.3867,133.9802,0.0,5.0,461.5761,175.2121
92.2014,100.5308,0.0,5.0,379.306,175.2121
192.1839,357.0231,0.0,1.0,1223.6346,991.2216
357.9636,507.4767,0.0,2.0,2668.5305,991.3031
381.1245,464.0756,0.0,3.0,2958.4542,991.3031
277.4854,339.001,0.0,3.0,1966.1365,600.6379
138.1803,190.1575,0.0,2.0,872.3668,400.7503
70.6172,72.7801,0.0,1.0,293.3211,128.9116
92.0548,98.5831,0.0,3.0,348.9404,166.6426
102.3919,107.1433,0.0,3.0,347.0624,166.6426
141.5023,172.1602,0.0,2.0,743.2345,338.9282
184.9414,207.8514,0.0,2.0,873.4507,338.9282
182.2442,188.5551,0.0,3.0,699.1524,264.8873
228.6616,252.9844,0.0,5.0,1113.0772,453.1225
229.5942,259.7968,0.0,3.0,1162.2061,453.1225
166.2363,193.3867,0.0,4.0,778.0407,356.4385
111.5732,140.0024,0.0,3.0,520.2613,356.4385
90.6933,95.0813,0.0,3.0,340.9866,142.4059
101.7626,106.945,0.0,3.0,388.3739,150.3461
113.9026,123.491,0.0,1.0,532.7144,202.1395
101.2077,112.5944,0.0,1.0,433.8057,202.1395
71.5792,74.6324,0.0,5.0,272.7532,108.054
77.5046,81.6657,0.0,5.0,306.6293,127.6603
244.325,306.1983,0.0,6.0,1110.6375,591.9838
336.1839,356.828,0.0,7.0,1322.9187,591.9838
316.0296,397.8511,0.0,3.0,2032.6662,1427.2094
459.0295,671.9256,0.0,3.0,3112.5481,1441.4265
333.706,581.3961,0.0,5.0,1793.1747,1441.4265
276.7686,356.174,0.0,2.0,1477.6659,708.5381
283.2348,358.6303,0.0,3.0,1484.912,708.5381
189.9551,222.0236,0.0,3.0,840.5988,425.1036
231.1457,257.7684,0.0,2.0,975.9167,425.1036
134.958,167.6957,0.0,2.0,589.1108,358.2191
65.8858,68.6876,0.0,4.0,282.1851,100.9905
101.453,144.8209,0.0,1.0,536.6302,360.7135
109.8471,166.3363,0.0,0.0,766.0989,361.423
122.5195,172.5834,0.0,3.0,946.4005,361.423
108.9352,149.3526,0.0,3.0,670.2628,316.7841
52.0896,54.3296,0.0,1.0,195.4895,76.885
53.7348,55.5977,0.0,1.0,217.8881,78.1519
80.6921,94.8238,0.0,3.0,406.4698,181.6424
88.5015,103.9293,0.0,2.0,439.1592,181.6424
63.7641,71.282,0.0,3.0,269.765,127.7268
70.9716,81.9822,0.0,1.0,362.9782,152.657
84.8687,92.2942,0.0,3.0,383.4065,152.657
111.3955,126.6471,0.0,4.0,477.9958,237.0305
150.0278,161.9757,0.0,4.0,752.0942,237.0305
195.9791,215.0743,0.0,4.0,766.3089,401.2007
265.1312,280.5526,0.0,4.0,928.5986,409.5374
429.1038,559.3546,0.0,0.0,2625.7307,1146.6898
383.9933,537.416,0.0,1.0,2501.2614,1146.6898
208.8404,211.6333,0.0,0.0,696.3062,267.4568
229.8672,236.8634,0.0,2.0,998.1132,473.4283
247.9796,281.5731,0.0,3.0,1188.8706,515.2018
190.7339,234.7098,0.0,2.0,755.2617,515.2018
97.0656,104.1999,0.0,1.0,337.6382,153.7043
69.6541,71.6046,0.0,2.0,267.1521,106.1638
80.6469,81.8454,0.0,3.0,274.1258,106.1638
86.1615,88.0318,0.0,3.0,306.3742,121.9513
87.0213,88.8247,0.0,3.0,319.3982,121.9513
79.9228,81.1215,0.0,4.0,266.9893,101.2803
100.6448,110.2192,0.0,1.0,537.9126,185.1821
328.2662,482.5746,0.0,1.0,2394.0957,1034.3165
289.2563,474.255,0.0,0.0,2022.2969,1034.3165
53.6316,56.0018,0.0,1.0,206.765,84.1151
65.4567,69.1275,0.0,3.0,286.0626,106.142
66.4341,69.056,0.0,3.0,262.7671,106.142
56.5259,57.7065,0.0,2.0,211.5095,77.2217
52.8713,56.3967,0.0,2.0,206.2096,87.2762
61.0597,70.2079,0.0,5.0,295.3879,122.5049
59.5695,67.9184,0.0,4.0,255.7985,122.5049
43.9809,45.8581,0.0,1.0,168.7935,74.1317
73.1513,93.3978,0.0,2.0,395.5718,192.3419
78.0309,95.6303,0.0,1.0,278.615,192.3419
63.6904,69.3517,0.0,2.0,266.0453,119.7585
70.7677,76.1512,0.0,2.0,341.1095,119.7585
62.3739,64.738,0.0,5.0,254.7449,92.8776
78.5507,90.8549,0.0,3.0,397.1684,168.6784
72.8521,87.218,0.0,2.0,332.6241,168.6784
57.9043,62.1439,0.0,3.0,245.1026,100.461
58.6621,62.3187,0.0,2.0,232.1985,100.461
54.5131,55.5332,0.0,6.0,204.7807,79.0963
74.2786,83.3181,0.0,6.0,364.4531,152.4252
73.7435,82.535,0.0,5.0,346.2748,152.4252
58.2487,58.9993,0.0,2.0,179.5543,78.0738
62.8023,63.5301,0.0,2.0,184.1095,78.0738
126.4127,169.1424,0.0,1.0,749.2641,353.9319
127.0207,169.52,0.0,2.0,690.2462,353.9319
65.2118,66.0261,0.0,3.0,204.0233,88.4282
74.7781,76.9531,0.0,1.0,262.4809,114.1021
102.944,106.5906,0.0,5.0,428.7992,154.4337
137.3591,145.0345,0.0,4.0,606.2442,253.9879
152.3676,163.2681,0.0,1.0,632.4098,283.0334
127.6834,140.436,0.0,3.0,544.973,283.0334
92.8932,100.0993,0.0,5.0,394.442,168.7292
82.3219,86.6364,0.0,3.0,310.1387,126.7462
112.5456,138.1791,0.0,2.0,614.942,267.4553
111.7439,136.5669,0.0,3.0,626.1789,267.4553
231.6596,431.9357,0.0,2.0,1303.7084,1122.6803
291.5034,506.1131,0.0,2.0,2287.1546,1123.5822
165.8982,291.4723,0.0,2.0,1527.2516,1123.5822
108.1489,124.7954,0.0,1.0,555.712,235.6664
72.2625,77.2738,0.0,0.0,316.6782,106.6312
61.8747,67.7774,0.0,4.0,292.1864,97.5257
63.8869,67.2247,0.0,4.0,253.811,97.5257
307.9463,554.0856,0.0,1.0,1511.6258,1247.2894
632.7818,849.3724,0.0,3.0,2887.9749,1399.4723
421.3569,653.6403,0.0,4.0,1791.4863,1399.4723
97.7838,116.4118,0.0,1.0,513.6337,222.0499
59.3001,67.1525,0.0,1.0,287.7563,114.6112
45.0528,48.5013,0.0,0.0,175.5639,84.7434
44.037,45.1557,0.0,2.0,148.3301,63.3136
49.936,50.5414,0.0,1.0,166.9729,63.3136
55.5261,58.4819,0.0,0.0,222.5154,94.9736
78.0573,92.4598,0.0,0.0,442.918,171.7945
74.9719,90.2626,0.0,1.0,406.0397,171.7945
56.6316,60.3341,0.0,2.0,249.7125,85.2638
50.1226,52.6949,0.0,1.0,157.5995,85.2638
49.3372,50.3065,0.0,4.0,142.7733,75.0179
74.0875,83.2661,0.0,4.0,340.9397,151.4661
89.1842,126.7124,0.0,3.0,1145.8031,907.2718
299.9215,529.6533,0.0,1.0,2392.7257,1177.0345
297.2809,522.7632,0.0,1.0,1376.7316,1177.0345
75.8292,77.8926,0.0,3.0,215.3967,109.236
101.5365,110.7952,0.0,5.0,411.1364,197.3542
116.9325,122.4096,0.0,3.0,481.8811,197.3542
95.0637,97.0238,0.0,4.0,345.4172,132.6066
100.1096,105.1921,0.0,4.0,404.7624,162.454
92.5091,98.7432,0.0,3.0,357.5165,162.454
101.6589,107.6914,0.0,2.0,356.8169,169.2118
115.7584,119.5469,0.0,7.0,434.1729,169.2118
93.8856,97.2958,0.0,7.0,356.8707,149.3739
85.1688,89.9092,0.0,4.0,353.0185,131.2796
89.2161,97.9873,0.0,4.0,473.6811,150.1579
82.3368,93.4131,0.0,3.0,383.283,150.1579
56.0114,66.01,0.0,2.0,246.6806,127.3152
131.6805,220.3749,0.0,1.0,1032.6125,486.2469
130.2483,219.9212,0.0,2.0,1044.0274,486.2469
37.8616,42.7827,0.0,7.0,182.1966,65.5106
26.3725,32.3211,0.0,3.0,113.6958,65.5106
25.4148,28.9465,0.0,1.0,121.2703,52.5777
33.41,35.5892,0.0,1.0,154.7973,52.5777
39.6032,43.2841,0.0,3.0,178.946,73.5077
38.7819,42.4097,0.0,3.0,156.3431,73.5077
54.4164,71.25,0.0,4.0,316.5648,148.2492
70.0849,82.2806,0.0,3.0,318.3682,148.2492
49.6887,54.011,0.0,1.0,208.2211,92.3262
68.2279,120.5272,0.0,3.0,514.1024,421.1929
129.1019,197.1303,0.0,2.0,908.3841,430.72
162.7089,200.2427,0.0,3.0,981.5406,430.72
103.2272,126.2407,0.0,2.0,603.238,221.2554
70.1859,92.9755,0.0,1.0,428.1411,192.8605
188.0004,269.8925,0.0,3.0,1409.2838,567.1784
156.9253,256.6168,0.0,2.0,1102.7203,567.1784
41.2044,43.5007,0.0,2.0,168.6003,67.2373
37.7705,40.8075,0.0,2.0,147.703,67.2373
33.4023,34.5147,0.0,1.0,137.257,44.6358
46.5275,49.9675,0.0,5.0,208.487,82.2335
50.085,53.4441,0.0,6.0,220.2113,82.2335
39.6762,42.3194,0.0,2.0,179.4777,65.8363
37.7613,40.412,0.0,4.0,204.1642,69.3138
40.8863,44.9792,0.0,5.0,185.0359,78.9577
36.3098,40.264,0.0,4.0,137.0385,78.9577
58.4196,76.5603,0.0,2.0,247.7428,169.1382
73.9251,87.8591,0.0,1.0,392.8338,169.1382
63.1035,67.1807,0.0,2.0,322.2714,168.1924
84.2935,89.1627,0.0,0.0,338.5538,142.2679
139.4981,149.1259,0.0,2.0,557.6604,248.5062
229.5215,241.1148,0.0,2.0,863.558,348.7242
200.0774,221.238,0.0,1.0,834.8967,348.7242
188.8339,230.7341,0.0,2.0,1060.4069,455.1155
244.5822,279.9464,0.0,4.0,1357.575,455.1155
179.3029,204.416,0.0,3.0,842.9571,369.7145
131.3751,139.263,0.0,4.0,599.1006,197.4507
103.247,113.4992,0.0,3.0,415.6094,197.4507
81.4887,84.2737,0.0,4.0,329.6079,133.9893
103.7873,110.9025,0.0,2.0,511.1065,173.6491
84.2122,96.8862,0.0,1.0,385.6156,173.6491
27.1514,37.1649,0.0,2.0,98.7849,70.4497
25.6256,47.7038,0.0,1.0,236.72,105.3916
23.9434,47.1566,0.0,0.0,196.0223,105.3916
2.2512,3.3233,0.0,1.0,16.6342,6.6311
29.0272,57.1188,0.0,1.0,261.3118,127.5492
35.7754,61.088,0.0,3.0,484.5897,173.2404
61.2277,101.2417,0.0,3.0,516.5249,222.1058
60.3605,99.5894,0.0,2.0,294.5046,222.1058
273.2471,537.0472,0.0,0.0,2403.1271,1199.9531
294.9912,538.6359,0.0,0.0,2462.7605,1199.9531
53.4096,55.3391,0.0,0.0,215.0919,82.0963
58.3466,59.4519,0.0,0.0,187.7913,76.6275
65.367,66.2346,0.0,0.0,212.8545,86.4349
57.24,58.5605,0.0,1.0,199.0946,86.4349
163.242,265.3067,0.0,0.0,1177.3799,584.083
169.0916,266.6684,0.0,2.0,1209.7514,584.083
66.889,69.3753,0.0,2.0,281.9077,100.356
62.2199,65.2912,0.0,1.0,254.0688,100.356
44.5093,46.5534,0.0,0.0,157.086,75.2244
50.1739,56.4763,0.0,0.0,231.4873,103.4702
55.202,59.8461,0.0,1.0,230.231,103.4702
45.8827,46.3221,0.0,4.0,159.4034,55.9915
47.071,50.7854,0.0,5.0,231.5532,80.2155
90.5178,112.4814,0.0,1.0,548.0801,228.7864
96.3748,114.3419,0.0,1.0,508.0275,228.7864
126.1091,164.0108,0.0,2.0,758.651,336.7781
234.0956,253.9509,0.0,5.0,1217.8655,351.1411
306.8061,313.3943,0.0,5.0,1180.112,392.5849
253.6557,272.3928,0.0,3.0,1005.4842,392.5849
191.2645,205.6938,0.0,1.0,776.1265,351.1469
205.8616,223.301,0.0,1.0,785.2771,351.1469
205.3847,214.6062,0.0,2.0,779.5209,306.4386
224.8027,229.6376,0.0,4.0,936.5633,448.7018
271.8541,294.4342,0.0,4.0,1222.614,528.2322
295.1202,327.2173,0.0,2.0,1460.7377,528.2322
297.477,319.3244,0.0,1.0,1519.2657,473.9755
256.7628,273.3684,0.0,2.0,978.2375,435.6823
199.2638,207.0105,0.0,1.0,734.9316,295.1101
168.6596,175.4959,0.0,1.0,674.1654,259.1203
428.5335,661.3372,0.0,2.0,2895.3761,1440.1174
451.4235,668.5064,0.0,3.0,2973.4719,1440.1174
249.8801,265.4557,0.0,2.0,946.3006,399.4056
265.3095,273.245,0.0,5.0,1053.4541,399.4056
185.4256,194.113,0.0,5.0,822.2356,287.4767
166.1618,174.8087,0.0,5.0,726.343,263.6523
161.1253,168.9429,0.0,5.0,628.4574,263.6523
139.2954,143.4459,0.0,6.0,565.7698,218.8634
99.3957,107.8727,0.0,4.0,405.6162,172.4476
82.9328,89.3958,0.0,2.0,324.5653,146.7044
87.4982,92.1263,0.0,3.0,335.6476,146.7044
94.8659,98.6023,0.0,2.0,358.571,152.5985
103.8765,106.1463,0.0,3.0,368.9517,152.5985
163.7881,230.6879,0.0,3.0,1042.1296,489.3651
153.9005,227.0981,0.0,3.0,714.8757,489.3651
70.5698,71.4476,0.0,1.0,259.7326,88.0311
70.6831,71.7497,0.0,5.0,258.6853,96.2207
65.0892,66.5672,0.0,3.0,234.8371,96.2207
120.9751,165.7393,0.0,3.0,1060.4512,388.0807
225.7315,289.0178,0.0,4.0,1831.8694,672.3329
261.482,360.1988,0.0,2.0,1733.7497,677.6373
240.4712,320.7503,0.0,2.0,1362.2587,677.6373
166.093,200.7793,0.0,2.0,951.6892,355.5883
92.4701,112.8622,0.0,1.0,531.8859,355.5883
196.5865,297.9174,0.0,2.0,1357.6143,647.8002
197.2937,297.7643,0.0,1.0,1299.5502,647.8002
76.4426,77.902,0.0,3.0,288.1178,109.3682
82.6914,86.0166,0.0,5.0,341.6936,136.6007
88.2316,92.5682,0.0,2.0,332.1672,136.6007
100.6753,105.6755,0.0,3.0,374.6213,160.6848
122.7283,135.8779,0.0,3.0,597.5661,229.5465
115.2255,128.8884,0.0,2.0,561.5529,229.5465
91.6048,93.2998,0.0,4.0,312.8445,120.7021
320.9171,566.8369,0.0,0.0,2545.2212,1259.4329
312.5844,565.7751,0.0,0.0,1682.1105,1259.4329
80.3291,84.0921,0.0,3.0,338.3437,127.9728
98.8818,101.4589,0.0,3.0,378.5098,133.4294
91.0039,94.7653,0.0,3.0,373.8545,133.4294
88.4241,93.1167,0.0,2.0,325.4092,140.0355
92.2127,95.5457,0.0,5.0,330.6555,140.0355
88.9979,91.1197,0.0,3.0,357.1505,130.1825
85.8598,88.1324,0.0,1.0,362.4349,119.5014
92.765,97.6402,0.0,5.0,358.2649,151.2721
126.2665,144.3073,0.0,4.0,623.7235,259.2792
129.1901,149.1339,0.0,2.0,699.9021,259.2792
126.4452,140.9066,0.0,3.0,651.1403,228.9146
133.1111,146.8906,0.0,4.0,708.2759,228.9146
96.5634,108.0011,0.0,6.0,453.7067,196.8128
66.2899,67.7184,0.0,3.0,253.7832,86.9164
67.1696,71.483,0.0,0.0,275.1364,111.436
55.9809,62.4463,0.0,1.0,222.6215,111.436
41.5518,44.5815,0.0,2.0,195.5836,69.799
49.5438,54.3549,0.0,4.0,274.4605,84.5743
51.7425,54.8972,0.0,4.0,229.2352,84.5743
41.7646,43.3105,0.0,3.0,175.0961,61.5429
81.27,104.7326,0.0,4.0,503.6992,221.2916
81.85,105.405,0.0,4.0,518.3078,221.2916
55.2601,65.6911,0.0,2.0,345.2596,126.7484
82.4657,92.4171,0.0,3.0,417.2965,155.2759
75.5571,83.5494,0.0,6.0,319.8917,155.2759
78.0839,82.5161,0.0,4.0,366.4117,122.7865
75.5278,80.2721,0.0,3.0,325.8202,122.7865
93.5881,119.1124,0.0,2.0,502.0501,243.088
130.0291,162.3949,0.0,3.0,876.0039,258.8048
86.2024,121.71,0.0,2.0,545.0055,258.8048
46.0887,47.2001,0.0,1.0,158.243,60.2955
64.1719,72.8535,0.0,2.0,281.5497,140.0986
91.8932,97.3784,0.0,7.0,380.0699,140.0986
113.1724,117.7896,0.0,5.0,455.7871,181.5326
107.7283,113.405,0.0,5.0,427.9263,181.5326
100.3021,103.8258,0.0,4.0,432.953,155.3749
300.6484,493.6845,0.0,0.0,2282.4007,1087.3878
296.4539,493.6827,0.0,1.0,1586.1464,1087.3878
84.7088,95.7619,0.0,2.0,442.693,167.6053
69.4701,73.8274,0.0,3.0,311.002,105.6767
79.1403,90.4259,0.0,1.0,378.6556,158.3956
50.6126,81.2846,0.0,2.0,352.9544,176.6941
29.1837,36.8626,0.0,4.0,158.5909,79.3112
44.7113,50.0919,0.0,5.0,214.3304,86.8986
24.3019,35.8239,0.0,4.0,116.057,86.8986
200.1681,404.1798,0.0,1.0,1837.7769,903.5773
214.2584,404.8908,0.0,2.0,1178.7342,903.5773
46.6776,52.3782,0.0,1.0,217.746,96.9331
56.231,62.2949,0.0,1.0,349.1082,107.2946
72.0443,81.5868,0.0,3.0,389.7929,146.5703
95.4793,112.0533,0.0,4.0,528.0193,195.6054
93.2459,107.5199,0.0,4.0,372.9711,195.6054
83.052,86.7691,0.0,8.0,328.9589,123.6073
81.7207,86.7972,0.0,7.0,332.7568,147.2991
131.5368,154.0083,0.0,6.0,705.7029,463.688
213.268,247.4761,0.0,4.0,1055.4803,469.076
204.972,241.2625,0.0,3.0,954.1732,469.076
228.4407,263.1537,0.0,2.0,1252.6342,494.7281
237.0617,266.6987,0.0,3.0,1281.9502,494.7281
186.4321,194.0539,0.0,2.0,807.8681,275.428
210.2709,216.7218,0.0,3.0,743.982,325.0464
298.7427,449.8577,0.0,3.0,2153.746,968.564
109.6549,124.0841,0.0,2.0,427.8512,227.1776
67.9851,71.0223,0.0,2.0,232.8952,111.0208
174.8376,291.3496,0.0,1.0,1112.9525,644.8882
510.6388,705.3705,0.0,5.0,3726.2208,1411.1237
456.6806,660.0877,0.0,8.0,2217.6316,1411.1237
386.6736,570.6618,0.0,4.0,2710.5213,1223.1265
347.9953,557.1221,0.0,1.0,2509.2754,1223.1265
97.7937,100.0419,0.0,1.0,333.5759,138.7034
91.9548,93.5678,0.0,1.0,318.6896,122.3259
104.7407,105.9602,0.0,1.0,361.0504,141.7519
114.2754,116.2997,0.0,0.0,376.1344,154.0481
201.4927,225.6882,0.0,4.0,941.231,376.9506
218.6776,237.525,0.0,4.0,982.1892,376.9506
136.5965,141.7603,0.0,1.0,548.5569,221.4355
109.1024,111.5722,0.0,1.0,359.6556,140.9138
103.7816,106.3068,0.0,4.0,325.8851,142.1342
111.65,113.2617,0.0,3.0,374.9451,145.1581
149.3237,156.3934,0.0,4.0,561.0503,240.1743
167.749,172.8484,0.0,4.0,756.4215,285.6967
163.597,176.4767,0.0,0.0,664.8175,293.2884
152.2876,165.425,0.0,4.0,541.231,293.2884
123.5071,126.7153,0.0,4.0,446.4681,168.807
105.6583,110.1323,0.0,2.0,417.1315,168.807
96.9779,102.9644,0.0,5.0,455.7938,158.9167
104.0848,114.7645,0.0,2.0,505.0595,173.7658
118.5765,129.1786,0.0,2.0,569.3113,195.6066
103.5987,113.9999,0.0,2.0,415.5222,195.6066
253.6147,504.589,0.0,0.0,1435.1436,1317.9377
512.7567,730.5908,0.0,1.0,4344.1974,1317.9377
346.6396,536.1555,0.0,1.0,3242.3886,1317.9296
77.6193,82.0194,0.0,0.0,318.9045,144.8601
66.7935,73.4031,0.0,1.0,332.783,124.2165
63.4878,74.6361,0.0,6.0,312.4554,124.2165
55.0574,65.009,0.0,3.0,301.4756,99.9815
47.3667,55.8119,0.0,0.0,215.3531,99.2892
31.1626,37.7138,0.0,0.0,180.429,65.1077
82.5396,131.2874,0.0,1.0,625.2128,288.6903
87.9791,135.4739,0.0,1.0,794.8858,288.6903
63.9686,102.2668,0.0,1.0,501.7371,223.1906
189.993,240.0719,0.0,1.0,1155.8211,382.5463
180.7374,232.1811,0.0,2.0,1309.8637,382.5463
92.2261,123.0691,0.0,1.0,710.249,265.8284
83.9127,109.941,0.0,2.0,611.9933,219.9843
38.6241,47.9224,0.0,0.0,152.9381,95.2961
33.3642,36.8277,0.0,3.0,160.3155,62.8596
42.9746,45.6773,0.0,1.0,218.8466,65.5416
39.4637,41.7792,0.0,1.0,166.9279,65.5416
72.534,99.5213,0.0,1.0,306.2199,216.2504
73.7472,102.1046,0.0,3.0,476.4853,216.4208
52.1645,64.2624,0.0,1.0,435.6284,216.4208
57.7678,66.8079,0.0,1.0,338.1989,114.3184
174.7344,287.1305,0.0,0.0,1427.2932,631.8765
181.4653,289.7953,0.0,1.0,1408.1528,631.8765
68.9074,77.3993,0.0,5.0,303.1179,129.9036
64.6265,66.9545,0.0,6.0,243.127,102.7152
61.0058,62.2158,0.0,2.0,232.2896,87.4209
85.8233,96.4916,0.0,1.0,411.0937,177.6669
100.1097,110.7151,0.0,3.0,493.5467,177.6669
78.4713,87.9416,0.0,6.0,353.3092,147.1728
57.7385,66.4961,0.0,4.0,317.5869,107.0225
57.4085,67.9429,0.0,4.0,384.6009,112.9369
31.9897,52.68,0.0,1.0,234.8466,112.9369
0.7697,2.2417,0.0,0.0,17.0706,17.3056
0.2622,0.2622,0.0,0.0,0.0,0.2622
4.8219,9.634,0.0,1.0,42.5686,21.5359
31.7793,43.0108,0.0,4.0,196.0028,84.0155
172.3674,254.5406,0.0,4.0,1329.3699,544.063
184.8137,258.9394,0.0,4.0,1304.691,544.063
71.6323,81.7078,0.0,2.0,317.9813,136.3925
55.4152,62.7685,0.0,1.0,234.8693,109.5529
49.3547,52.9167,0.0,0.0,223.5297,76.2174
45.8603,48.6499,0.0,3.0,158.5509,76.2174
57.1723,69.2767,0.0,3.0,311.6615,135.7559
70.7367,85.402,0.0,3.0,378.1038,135.7559
56.1666,67.4643,0.0,2.0,270.2978,126.2784
48.7976,54.4033,0.0,1.0,245.4652,88.4251
73.6566,97.9638,0.0,0.0,504.9596,196.9849
69.8529,94.8766,0.0,0.0,421.5607,196.9849
44.9426,48.9807,0.0,3.0,199.674,72.3631
49.3487,59.3153,0.0,4.0,279.5311,106.3479
46.018,57.2841,0.0,4.0,248.4419,106.3479
54.141,59.8157,0.0,4.0,251.6494,83.9825
53.5913,58.4367,0.0,4.0,218.8088,83.9825
33.9665,37.4051,0.0,2.0,150.4106,58.8624
28.9992,30.7121,0.0,2.0,104.3657,48.4903
49.6368,65.6163,0.0,1.0,293.4106,136.8647
47.3394,64.7709,0.0,1.0,299.6831,136.8647
34.984,41.7089,0.0,3.0,192.4374,81.7064
140.3731,231.1229,0.0,2.0,1110.4085,508.8359
131.5168,228.8857,0.0,1.0,973.6688,508.8359
30.0553,30.773,0.0,1.0,99.7825,43.0028
34.3484,35.9559,0.0,3.0,141.2598,52.9353
33.4391,34.7687,0.0,3.0,129.6535,52.9353
61.2028,71.4021,0.0,3.0,342.2991,114.132
111.7165,138.1639,0.0,4.0,780.8468,265.8799
93.1357,126.5002,0.0,5.0,607.6043,265.8799
51.422,51.8195,0.0,4.0,178.606,65.6696
45.7161,46.8975,0.0,2.0,154.4439,65.4377
58.7624,65.0799,0.0,1.0,267.9829,113.5074
89.8304,99.1142,0.0,2.0,496.5691,162.6979
146.8811,177.41,0.0,1.0,871.2384,340.5575
141.2307,171.8586,0.0,1.0,745.0932,340.5575
88.2251,90.6399,0.0,0.0,286.8088,121.754
104.5221,130.5582,0.0,2.0,553.1904,315.1198
117.6847,154.4034,0.0,2.0,766.3619,316.7102
81.1722,109.8854,0.0,1.0,476.2731,316.7102
71.9612,83.551,0.0,2.0,362.8832,152.5543
70.3971,83.0594,0.0,1.0,354.6266,152.5543
108.3893,159.4942,0.0,1.0,729.8069,341.1027
101.94,157.081,0.0,2.0,724.3595,341.1027
63.417,87.6723,0.0,1.0,445.6369,238.6771
227.467,352.8986,0.0,0.0,1323.4223,774.7397
221.4786,358.6458,0.0,1.0,1771.8463,774.7878
195.9675,317.5797,0.0,0.0,2049.1845,774.7878
183.9847,302.9608,0.0,2.0,1402.911,666.5283
115.2553,167.579,0.0,1.0,789.754,361.4008
229.0929,319.9284,0.0,2.0,1816.6979,615.4911
165.9169,279.4287,0.0,2.0,846.6799,615.4911
55.0714,69.4651,0.0,2.0,295.246,146.8466
72.6711,94.035,0.0,2.0,489.5612,171.9151
67.9676,85.5122,0.0,2.0,359.9464,171.9151
110.1469,154.3428,0.0,2.0,703.0421,328.7502
122.1706,160.5044,0.0,4.0,817.9817,328.7502
65.9094,73.3692,0.0,5.0,294.6522,110.2759
119.6649,172.8898,0.0,2.0,804.1711,368.6756
126.6102,174.6586,0.0,4.0,617.5533,368.6756
63.7854,67.3548,0.0,6.0,271.2646,96.1827
75.3142,84.233,0.0,4.0,374.7842,150.6705
79.805,86.2641,0.0,2.0,359.2562,150.6705
78.3749,83.99,0.0,7.0,328.6096,177.8312
103.4847,113.3574,0.0,8.0,420.5184,203.6442
104.2682,115.3884,0.0,5.0,458.6552,203.6442
93.9422,100.8005,0.0,4.0,428.8962,154.2883
97.6172,102.3656,0.0,5.0,437.0708,145.7
104.91,109.7238,0.0,4.0,425.2118,163.5407
111.8229,116.7453,0.0,3.0,451.6336,163.5407
179.2484,241.2809,0.0,2.0,1167.7466,499.9948
161.7348,232.9109,0.0,3.0,1136.6771,499.9948
118.0698,132.9762,0.0,0.0,630.5994,240.2892
328.6529,474.8534,0.0,1.0,2289.8352,1018.063
310.848,467.5186,0.0,1.0,1391.0251,1018.063
134.9796,139.4106,0.0,0.0,477.2113,213.1135
160.9414,166.9997,0.0,4.0,631.98,236.7117
200.143,232.1867,0.0,1.0,863.4819,430.3486
227.419,266.3401,0.0,2.0,1455.1791,430.3486
190.9436,217.9556,0.0,5.0,1230.4603,376.6717
133.6853,146.3172,0.0,3.0,638.289,256.4142
98.9429,107.0857,0.0,3.0,455.3575,157.1339
120.7205,145.1584,0.0,0.0,625.7865,275.9398
154.6127,170.331,0.0,2.0,779.9262,275.9398
156.5499,167.7046,0.0,4.0,863.1472,268.5423
116.3981,135.2053,0.0,3.0,515.3969,268.5423
384.9745,647.1445,0.0,3.0,3053.3529,1427.2743
414.1349,656.6479,0.0,3.0,2219.5331,1427.2743
112.6354,141.9023,0.0,0.0,553.6954,322.2738
102.0613,109.9964,0.0,1.0,491.6176,168.6848
105.0968,115.7826,0.0,1.0,519.187,168.6848
90.0825,99.9929,0.0,2.0,490.0715,164.1601
74.8452,80.0881,0.0,1.0,295.1898,123.6004
61.3019,66.5487,0.0,3.0,286.0751,102.7038
57.9367,62.2698,0.0,2.0,247.7803,89.7589
58.5872,64.3151,0.0,2.0,263.8211,96.3951
66.6529,77.4055,0.0,3.0,353.1478,134.7453
70.2689,77.3798,0.0,2.0,335.5263,134.7453
54.0739,55.4686,0.0,2.0,168.8306,82.4734
45.9032,46.3562,0.0,2.0,161.5595,62.8481
49.0174,51.9702,0.0,2.0,230.8126,94.5658
59.2048,64.8359,0.0,3.0,257.5854,113.9099
55.7865,60.3258,0.0,4.0,207.0234,113.9099
101.6303,150.6909,0.0,1.0,680.0247,326.2634
105.629,151.9588,0.0,1.0,699.0042,326.2634
59.4119,63.808,0.0,1.0,252.2198,110.0192
55.1594,61.835,0.0,1.0,241.9787,110.0192
184.1797,316.9691,0.0,1.0,1448.3347,702.821
198.6579,319.4687,0.0,3.0,1505.0068,702.821
66.576,67.5404,0.0,2.0,219.8003,88.5969
66.7456,69.5139,0.0,0.0,208.9594,106.5466
142.5332,195.7234,0.0,0.0,873.4543,413.6471
144.2848,195.9287,0.0,2.0,879.0882,413.6471
99.7143,104.0263,0.0,4.0,356.0187,156.0229
112.1972,114.175,0.0,5.0,397.431,156.0229
92.9088,97.454,0.0,6.0,367.3425,145.1791
75.9684,83.9928,0.0,2.0,310.3959,145.1791
70.5661,77.4173,0.0,1.0,356.1019,112.3522
70.4384,77.0915,0.0,0.0,306.1744,112.3092
70.0003,78.67,0.0,1.0,317.9831,122.5581
68.4649,76.0918,0.0,3.0,320.8752,122.5581
58.503,61.7991,0.0,3.0,261.1776,100.4902
72.0924,78.6651,0.0,3.0,326.1414,138.9342
85.2503,90.4963,0.0,5.0,369.9106,138.9342
143.7163,189.8561,0.0,4.0,868.9258,398.4931
198.8716,248.7719,0.0,3.0,1367.8049,398.4931
152.1395,197.8012,0.0,1.0,1177.3681,378.3551
105.9531,132.0068,0.0,2.0,714.734,212.8387
82.0848,103.1603,0.0,3.0,385.4736,212.8387
64.1534,72.8894,0.0,5.0,275.6911,119.4668
61.6938,69.6383,0.0,3.0,299.0062,110.1544
61.8269,72.4172,0.0,2.0,324.5493,110.2886
156.6131,239.7475,0.0,1.0,1124.5365,520.5599
159.4984,239.9393,0.0,2.0,1124.3602,520.5599
50.9481,57.955,0.0,0.0,209.0286,106.2724
34.5753,35.5074,0.0,1.0,129.0314,49.1671
38.1092,41.8261,0.0,2.0,185.4375,73.4091
35.8681,39.9871,0.0,3.0,143.2814,73.4091
37.4752,40.161,0.0,3.0,142.1285,67.2329
67.4169,84.3406,0.0,5.0,391.7076,168.7723
61.8695,81.0583,0.0,3.0,365.3148,168.7723
49.6677,57.4141,0.0,0.0,227.964,107.9948
99.6493,128.3933,0.0,1.0,588.5578,256.3177
90.964,122.6799,0.0,2.0,562.091,256.3177
211.2497,375.631,0.0,0.0,1704.3463,835.3409
211.5156,375.5504,0.0,1.0,1685.4666,835.3409
44.0914,44.7228,0.0,1.0,148.2164,58.2403
96.9771,121.5429,0.0,1.0,562.2406,234.0513
109.533,127.6793,0.0,2.0,604.8904,234.0513
57.693,60.1187,0.0,3.0,182.73,94.923
77.8949,90.9193,0.0,2.0,341.4489,175.5089
103.8832,111.4661,0.0,3.0,448.6504,175.5089
107.5408,113.4095,0.0,5.0,435.703,171.8854
120.8389,126.1486,0.0,4.0,447.1638,171.8854
122.3796,130.0088,0.0,5.0,484.111,199.7806
132.588,156.4249,0.0,2.0,718.0927,276.448
338.6752,537.6797,0.0,1.0,2588.2018,1166.9379
307.719,526.946,0.0,0.0,2457.6266,1166.9379
83.3249,95.592,0.0,0.0,462.6534,166.3857
68.0207,80.6666,0.0,1.0,322.5969,166.3857
111.8795,137.9087,0.0,3.0,729.4432,262.7619
118.405,142.7512,0.0,5.0,754.7348,262.7619
78.0317,92.5769,0.0,3.0,435.5407,157.4571
78.5179,94.5233,0.0,1.0,411.9708,157.4571
92.8399,123.6174,0.0,0.0,594.797,239.4331
82.4138,114.1,0.0,1.0,571.0292,239.4331
52.5108,58.6424,0.0,3.0,248.4401,94.1871
52.2183,59.1175,0.0,2.0,262.4817,94.1871
42.1662,46.686,0.0,2.0,202.2821,80.6574
39.4342,42.9368,0.0,3.0,191.3949,70.3965
290.0419,546.3499,0.0,1.0,2481.7753,1218.8674
294.4284,547.0344,0.0,1.0,1616.7132,1218.8674
159.1273,265.701,0.0,3.0,1237.2449,585.1213
146.1208,262.7661,0.0,1.0,1150.8807,585.1213
34.1039,36.7194,0.0,3.0,145.4827,65.4484
41.5301,43.7093,0.0,7.0,166.2517,65.4484
259.2367,476.0329,0.0,2.0,2134.8481,1060.1814
314.266,496.4185,0.0,2.0,2632.5465,1060.1814
91.9353,145.9546,0.0,0.0,629.0258,320.6266
34.9599,39.6548,0.0,1.0,172.8761,68.7196
41.1244,48.7529,0.0,2.0,248.3146,78.0591
120.7969,173.5449,0.0,3.0,771.5041,366.0731
115.9839,172.014,0.0,4.0,711.9681,366.0731
51.1204,62.37,0.0,2.0,290.3295,118.5949
60.3598,74.374,0.0,2.0,335.3217,154.9512
278.25,520.9921,0.0,3.0,1480.8235,1203.6743
316.2256,544.8724,0.0,4.0,2494.4894,1207.213
108.462,181.5941,0.0,4.0,1445.866,1207.213
84.3515,95.2594,0.0,4.0,376.003,151.3563
151.2432,204.561,0.0,2.0,914.2597,430.1442
306.1593,418.1382,0.0,2.0,2330.7366,823.4725
249.6056,379.5525,0.0,5.0,1848.0686,823.4725
104.1399,110.507,0.0,2.0,413.231,177.2547
104.1714,113.5406,0.0,0.0,435.7532,191.1064
167.7763,212.6235,0.0,0.0,1027.7302,417.6892
168.243,212.9996,0.0,3.0,1095.8725,417.6892
102.2131,121.3592,0.0,3.0,560.2463,188.9496
85.7128,101.6084,0.0,5.0,457.0614,180.2881
68.2357,74.7306,0.0,4.0,301.9766,121.3669
70.4633,80.6695,0.0,1.0,387.6798,143.5008
177.6582,235.5578,0.0,3.0,1064.103,474.2954
171.2808,233.1411,0.0,4.0,1072.1043,474.2954
54.5109,64.9508,0.0,2.0,266.2249,123.6513
40.5208,42.9219,0.0,3.0,161.6976,60.5279
39.5433,42.0425,0.0,2.0,165.541,59.2549
42.565,45.5435,0.0,2.0,174.5134,68.3703
46.0911,49.2518,0.0,2.0,175.5534,69.8071
61.2349,76.3618,0.0,1.0,363.2021,149.1388
62.9797,77.7552,0.0,1.0,352.5282,149.1388
131.5755,197.6513,0.0,0.0,903.8476,431.8727
128.8461,197.2254,0.0,1.0,859.7384,431.8727
105.9165,164.9625,0.0,0.0,772.3531,359.1594
98.2943,162.4618,0.0,2.0,693.4282,359.1594
28.3328,29.5448,0.0,3.0,123.585,39.8377
29.5056,31.5727,0.0,2.0,133.8438,51.6439
37.2188,40.783,0.0,3.0,165.4381,66.6722
33.1864,37.1387,0.0,3.0,161.7698,66.6722
44.91,60.9956,0.0,2.0,278.2948,128.5942
58.0534,69.7809,0.0,2.0,345.5744,128.5942
44.5821,47.6643,0.0,2.0,157.1946,76.4653
40.4759,42.0994,0.0,2.0,151.2754,58.8648
40.4204,42.139,0.0,2.0,147.4263,58.8648
34.2337,35.7738,0.0,1.0,111.0382,54.8838
36.5808,38.7958,0.0,3.0,137.7533,63.3994
98.7209,128.7525,0.0,4.0,579.7173,273.2353
105.3481,131.6895,0.0,4.0,588.1622,273.2353
68.2362,75.408,0.0,3.0,323.5415,128.4202
71.3861,78.6739,0.0,1.0,347.2036,128.4202
70.6663,73.7944,0.0,2.0,267.4036,97.3178
85.8234,88.7015,0.0,6.0,278.7122,130.7694
113.9587,123.2071,0.0,3.0,484.305,205.4787
114.8313,124.5441,0.0,5.0,535.8009,205.4787
88.5243,93.1071,0.0,4.0,336.4717,140.6889
93.0207,107.6067,0.0,1.0,494.4712,194.5079
72.957,94.0831,0.0,0.0,376.8768,194.5079
45.9748,48.5759,0.0,0.0,171.4042,79.4351
56.194,62.8738,0.0,0.0,273.5228,104.2168
84.2573,106.7029,0.0,0.0,524.3494,208.3319
81.9907,105.3164,0.0,1.0,508.6672,208.3319
69.324,80.4091,0.0,3.0,387.3713,138.2989
84.0198,94.5868,0.0,4.0,467.9556,141.9423
71.503,86.0616,0.0,3.0,402.3463,148.6521
53.503,65.3383,0.0,2.0,274.5747,148.6521
70.686,91.7625,0.0,2.0,422.9862,184.4021
75.2354,96.284,0.0,2.0,481.3477,184.4021
59.9061,68.0551,0.0,5.0,295.345,103.9434
86.1698,106.5877,0.0,5.0,493.77,207.0694
79.8764,103.2226,0.0,3.0,499.4395,207.0694
47.2669,55.7346,0.0,3.0,234.822,84.7736
43.3993,49.8208,0.0,2.0,215.6237,84.7736
33.4135,36.2125,0.0,1.0,124.8743,61.5209
29.0948,29.5626,0.0,0.0,95.0132,41.3389
38.0976,41.5481,0.0,1.0,166.2974,70.9316
83.7484,119.3426,0.0,0.0,558.2695,252.9016
84.0322,120.0298,0.0,1.0,601.9194,252.9016
37.7266,42.9004,0.0,1.0,149.2595,79.5175
30.9518,31.1666,0.0,2.0,100.1251,37.5303
61.3747,79.9627,0.0,2.0,374.7824,164.9851
55.6319,78.0547,0.0,1.0,361.4107,164.9851
33.6939,39.3176,0.0,1.0,158.3076,74.8833
57.5811,65.6524,0.0,2.0,310.7099,114.5484
55.8217,63.0263,0.0,3.0,248.1451,114.5484
40.8659,42.0104,0.0,1.0,134.3016,58.1193
44.2656,45.753,0.0,4.0,177.1254,70.7662
71.0396,82.976,0.0,1.0,358.6251,158.2012
90.7523,102.4508,0.0,3.0,499.2075,158.2012
80.925,88.5366,0.0,2.0,321.5547,144.773
94.6491,100.3633,0.0,2.0,382.729,146.9241
103.7791,106.6173,0.0,4.0,387.8813,146.9241
214.5361,261.3461,0.0,0.0,1058.4975,457.6156
214.8779,262.6988,0.0,0.0,1290.4588,457.6156
111.8582,130.732,0.0,0.0,688.1073,279.8894
112.7487,131.8555,0.0,1.0,605.8558,235.8361
72.2781,80.9119,0.0,1.0,291.0443,148.5265
58.2452,62.0738,0.0,3.0,214.1009,103.8956
70.7322,79.6172,0.0,4.0,380.0893,131.773
65.8666,75.0963,0.0,3.0,318.5724,131.773
54.0203,57.1706,0.0,1.0,214.4354,89.0928
44.8273,46.512,0.0,3.0,160.9341,69.764
38.9422,39.8351,0.0,6.0,161.5139,53.7649
51.284,60.8884,0.0,4.0,265.8401,116.1294
47.1502,58.0799,0.0,4.0,247.9252,116.1294
35.478,36.1032,0.0,2.0,120.5713,48.6459
55.583,68.6699,0.0,1.0,312.8468,137.0422
118.8227,169.3723,0.0,0.0,905.5163,349.6985
101.2388,159.5277,0.0,1.0,725.2369,349.6985
33.3902,33.8353,0.0,2.0,110.6871,43.2968
50.0448,67.8121,0.0,2.0,233.8838,157.5081
61.1344,77.9722,0.0,2.0,354.1575,161.3992
39.264,48.0034,0.0,2.0,217.7324,161.3992
26.194,27.2357,0.0,2.0,92.4272,38.1778
48.1563,56.0579,0.0,2.0,244.7052,99.2874
58.8149,64.7892,0.0,2.0,305.2186,99.2874
41.0368,45.2185,0.0,4.0,169.8827,92.2417
96.8127,146.211,0.0,2.0,649.6588,317.4043
118.0482,158.8758,0.0,4.0,858.4284,317.4043
79.5712,96.028,0.0,3.0,527.4994,147.7687
53.6813,71.2544,0.0,1.0,293.8527,147.7687
41.3936,44.6106,0.0,1.0,140.2729,68.7583
60.0203,60.7465,0.0,2.0,191.3187,78.9428
49.0216,52.0358,0.0,3.0,155.8279,78.9428
22.8961,28.2319,0.0,2.0,98.5314,56.1611
11.3374,16.744,0.0,2.0,83.6264,32.6653
11.5129,16.5474,0.0,2.0,84.4771,26.505
15.3769,22.6141,0.0,2.0,117.6864,43.0611
17.9517,24.8453,0.0,1.0,152.4696,44.4526
88.0503,239.2617,0.0,2.0,965.5173,821.8171
211.1146,373.7176,0.0,4.0,1791.1001,828.2849
134.6057,287.8374,0.0,3.0,1025.5584,828.2849
3.3349,13.6126,0.0,0.0,105.9388,106.1248
0.2622,0.2622,0.0,0.0,0.0,0.2622
129.6628,268.17,0.0,1.0,1198.5918,599.6457
129.6665,268.17,0.0,1.0,1198.7922,599.6457
0.2659,0.2664,0.0,0.0,0.1583,0.3953
0.2622,0.2622,0.0,0.0,0.0,0.2622
0.2622,0.2622,0.0,0.0,0.0,0.2622
0.2622,0.2622,0.0,0.0,0.0,0.2622
87.8042,181.4964,0.0,1.0,811.0814,405.8376
87.8065,181.4964,0.0,1.0,811.1867,405.8376
0.2645,0.2646,0.0,0.0,0.0852,0.3144
0.2622,0.2622,0.0,0.0,0.0,0.2622
0.2622,0.2622,0.0,0.0,0.0,0.2622
0.2622,0.2622,0.0,0.0,0.0,0.2622
0.2622,0.2622,0.0,0.0,0.0,0.2622
0.2622,0.2622,0.0,0.0,0.0,0.2622
0.2622,0.2622,0.0,0.0,0.0,0.2622
0.2622,0.2622,0.0,0.0,0.0,0.2622
0.2622,0.2622,0.0,0.0,0.0,0.2622
0.2622,0.2622,0.0,0.0,0.0,0.2622
0.2622,0.2622,0.0,0.0,0.0,0.2622
0.2622,0.2622,0.0,0.0,0.0,0.2622
0.6773,2.1522,0.0,0.0,11.2499,11.5121
2.6797,5.1922,0.0,1.0,22.6931,11.5984
83.4966,191.8925,0.0,0.0,471.6533,460.4983
99.613,205.9427,0.0,1.0,920.5102,460.5014
18.381,74.914,0.0,1.0,460.2718,460.5014
0.2622,0.2622,0.0,0.0,0.0001,0.2623
0.2622,0.2622,0.0,0.0,0.0,0.2622
5.894,11.8557,0.0,1.0,52.5008,26.505
17.2451,26.505,0.0,2.0,158.0466,53.008
26.2478,47.1491,0.0,2.0,221.231,115.947
25.2034,51.8567,0.0,2.0,231.4655,115.9539
37.2017,65.9414,0.0,2.0,324.0126,129.2057
28.0647,57.783,0.0,1.0,257.9706,129.2057
1.432,4.3255,0.0,0.0,27.7458,27.9245
5.4587,12.6121,0.0,1.0,109.009,73.3315
60.4161,153.2003,0.0,2.0,780.8404,586.607
143.2416,265.9376,0.0,2.0,1260.0976,589.7069
88.284,217.7419,0.0,1.0,591.4804,589.7069
35.6849,75.4704,0.0,1.0,315.8588,168.9612
36.6493,75.5621,0.0,1.0,337.4858,168.9612
1.2266,3.7314,0.0,0.0,18.9023,19.0767
37.0072,76.3029,0.0,1.0,340.7553,170.6176
37.007,76.3029,0.0,1.0,340.7987,170.6176
0.262,0.262,0.0,0.0,0.0366,0.2688
0.2622,0.2622,0.0,0.0,0.0,0.2622
0.2622,0.2622,0.0,0.0,0.0,0.2622
0.2622,0.2622,0.0,0.0,0.0,0.2622
1.9673,4.8504,0.0,0.0,16.3122,16.5744
264.1147,531.52,0.0,1.0,2359.7876,1187.989
276.669,531.8928,0.0,1.0,2395.8454,1187.989
26.6344,26.9969,0.0,0.0,101.572,35.4364
28.2805,29.187,0.0,0.0,120.3106,42.2737
38.5544,39.7966,0.0,1.0,139.4104,56.5192
46.9661,48.8085,0.0,1.0,166.0818,70.9741
43.9103,46.0357,0.0,2.0,159.6067,70.9741
57.329,90.0258,0.0,2.0,402.4652,301.507
80.1915,137.5549,0.0,2.0,636.0337,302.9833
44.1512,107.7255,0.0,1.0,316.5988,302.9833
15.6138,20.7188,0.0,3.0,97.7893,37.3156
28.9991,30.1856,0.0,5.0,128.3936,41.4641
37.2894,43.3786,0.0,6.0,339.8394,210.5026
87.8379,126.4191,0.0,2.0,610.7614,271.393
121.0612,145.3612,0.0,4.0,572.2099,271.393
105.9663,117.6301,0.0,7.0,711.983,181.3188
79.4395,97.4592,0.0,7.0,616.2703,181.3188
42.9606,52.1778,0.0,6.0,226.1271,96.5915
29.0066,31.1346,0.0,3.0,113.1063,48.4012
20.4527,24.3526,0.0,2.0,80.0616,35.3956
18.0699,24.3546,0.0,2.0,140.407,45.3896
13.9949,21.6098,0.0,3.0,92.2561,45.3896
52.4675,94.4785,0.0,2.0,277.5091,225.6023
64.3781,103.8793,0.0,1.0,471.1002,225.6023
21.4533,46.0352,0.0,2.0,296.8058,225.2411
13.1721,18.1902,0.0,2.0,103.0883,36.2889
5.7667,10.0958,0.0,1.0,60.5337,28.1489
0.7107,2.1416,0.0,0.0,16.3222,16.5669
5.5365,11.1151,0.0,1.0,49.1968,24.8486
5.5365,11.1151,0.0,1.0,49.1981,24.8486
0.6164,1.8493,0.0,0.0,9.609,9.8701
69.5216,140.0774,0.0,1.0,622.8586,313.0651
134.5856,194.9275,0.0,3.0,1221.6994,313.0651
65.6808,135.5673,0.0,2.0,608.0068,303.1361
55.6403,120.4548,0.0,2.0,330.0098,288.2257
70.3697,130.3717,0.0,3.0,719.1187,288.2278
51.9148,81.1243,0.0,1.0,653.4028,288.2278
62.9684,83.081,0.0,1.0,623.5262,229.9338
118.0512,162.1746,0.0,2.0,788.2725,342.8448
121.4379,160.7209,0.0,2.0,526.3973,342.8448
72.261,83.8326,0.0,3.0,513.1345,197.4285
102.9891,115.1543,0.0,6.0,580.5919,204.2251
90.6087,106.2787,0.0,7.0,429.9589,204.2251
47.9032,58.0572,0.0,4.0,297.1099,113.9487
32.6101,33.7949,0.0,3.0,151.6914,50.075
27.8084,30.7345,0.0,5.0,133.9863,49.7184
30.9317,38.7546,0.0,5.0,160.8575,82.004
162.7529,288.8645,0.0,0.0,1172.875,641.1173
195.4128,297.3801,0.0,2.0,1438.4134,641.1173
175.2028,214.2217,0.0,6.0,1046.6835,428.0281
172.9023,215.6319,0.0,5.0,1150.3444,428.0281
100.9475,117.8913,0.0,1.0,660.5291,193.5378
72.7356,94.7221,0.0,2.0,474.14,193.5378
43.1653,56.1264,0.0,1.0,328.4855,155.0337
124.6104,210.5052,0.0,2.0,1089.7868,462.7014
110.2318,207.8194,0.0,2.0,643.1447,462.7014
8.3606,17.3883,0.0,1.0,44.0564,40.8886
0.2622,0.2622,0.0,0.0,0.0015,0.2634
0.2622,0.2622,0.0,0.0,0.0,0.2622
18.421,81.5585,0.0,0.0,386.5025,386.7646
84.2289,174.0883,0.0,1.0,778.0557,389.2728
66.07,153.8019,0.0,1.0,391.5392,389.2728
50.83,106.6137,0.0,1.0,449.9192,238.5332
51.6735,106.6756,0.0,1.0,476.6135,238.5332
1.1056,3.6431,0.0,0.0,24.1699,24.3607
0.9025,1.5046,0.0,0.0,6.163,3.3233
52.3135,106.6859,0.0,1.0,482.7641,238.5333
51.6735,106.6756,0.0,1.0,476.6134,238.5333
3.2859,6.655,0.0,1.0,23.7648,14.9107
15.3825,26.0555,0.0,3.0,135.535,56.3198
12.3591,25.1927,0.0,1.0,109.2064,56.3198
0.2622,0.2622,0.0,0.0,0.0025,0.2643
75.8503,239.6408,0.0,0.0,782.6844,782.9466
171.5647,351.1327,0.0,1.0,1569.8016,785.1536
95.9766,256.6447,0.0,1.0,786.7374,785.1536
64.7386,134.0832,0.0,1.0,592.8395,299.8229
64.9099,134.0852,0.0,1.0,599.1716,299.8229
21.4402,43.714,0.0,2.0,198.5833,97.7327
27.9719,58.5134,0.0,2.0,438.9682,244.2165
54.1778,111.8612,0.0,1.0,499.8024,250.1286
47.4748,104.8785,0.0,1.0,252.0287,250.1286
89.9528,185.9411,0.0,1.0,831.0486,415.7765
136.6528,210.4052,0.0,3.0,920.8118,415.7765
47.7389,98.5268,0.0,2.0,440.1965,220.312
1.0388,3.3652,0.0,0.0,22.3076,22.4913
12.6861,25.9293,0.0,1.0,115.4784,57.9774
13.3635,26.0169,0.0,2.0,121.8494,57.9774
1.611,2.9748,0.0,2.0,12.7651,6.6311
64.1099,132.5771,0.0,1.0,568.8434,296.51
71.5411,133.6025,0.0,3.0,616.6285,296.51
91.227,137.7029,0.0,5.0,416.5317,295.9994
114.4045,149.846,0.0,6.0,697.8135,295.9994
49.7811,70.5623,0.0,2.0,424.3329,236.9719
72.9576,117.2124,0.0,3.0,653.8203,250.284
63.5601,113.5676,0.0,3.0,568.6829,250.284
10.1092,19.3195,0.0,1.0,91.8295,43.0693
1.2687,2.0733,0.0,0.0,15.2455,9.3079
88.7589,155.3604,0.0,1.0,653.1812,345.5191
209.5022,293.5214,0.0,3.0,1728.7254,556.7423
131.1808,252.2661,0.0,1.0,1290.9034,556.7423
49.5735,97.4432,0.0,0.0,434.73,217.5794
94.2648,149.6166,0.0,1.0,608.048,273.4799
61.0901,122.3049,0.0,1.0,546.4821,273.4799
79.7027,136.3808,0.0,2.0,740.0762,300.4424
79.7817,135.5266,0.0,2.0,652.1012,300.4424
86.6451,139.9978,0.0,3.0,613.7206,301.89
103.598,144.9051,0.0,5.0,779.1687,301.89
24.1305,40.237,0.0,2.0,204.1717,86.138
35.093,61.4114,0.0,2.0,277.7004,135.2634
40.3787,63.7148,0.0,2.0,319.4399,135.2634
140.9554,245.8937,0.0,0.0,1086.8137,543.2783
148.5634,247.766,0.0,0.0,1163.801,543.2783
40.7506,61.6994,0.0,0.0,349.0589,124.4623
94.4726,136.7652,0.0,1.0,652.3134,336.4251
98.4087,154.8249,0.0,1.0,762.132,336.4251
33.0763,89.0327,0.0,0.0,364.3894,322.5808
18.6201,27.1557,0.0,2.0,123.1089,43.1757
16.4731,25.8102,0.0,2.0,81.324,43.1757
70.2421,77.7327,0.0,4.0,303.3384,124.6681
75.4106,81.4803,0.0,3.0,268.6779,124.6681
190.2985,283.357,0.0,4.0,1336.0102,613.7235
260.4541,347.5512,0.0,6.0,2015.0531,613.7235
135.8696,213.0752,0.0,4.0,672.1646,465.3556
62.723,67.6562,0.0,7.0,275.9517,110.4181
61.1737,66.4024,0.0,7.0,275.172,110.4181
82.623,103.3474,0.0,4.0,503.9719,207.888
77.0239,101.0183,0.0,3.0,345.1277,207.888
88.1576,121.4094,0.0,2.0,556.5819,254.2589
103.5879,130.5389,0.0,4.0,626.2698,254.2589
80.3725,92.027,0.0,1.0,411.9187,153.9342
72.0975,85.5238,0.0,1.0,424.0354,153.9342
52.7042,59.8618,0.0,1.0,274.6749,104.0698
54.3954,57.2722,0.0,3.0,263.9858,93.5715
98.1426,123.1978,0.0,2.0,559.3099,246.9776
107.0499,128.6761,0.0,3.0,603.7245,246.9776
63.1489,69.9184,0.0,1.0,287.016,116.7862
207.482,354.601,0.0,0.0,1740.3533,784.8862
222.9726,358.8434,0.0,0.0,1761.1907,784.8862
58.1969,72.2698,0.0,2.0,227.0958,152.1659
63.7977,73.8041,0.0,2.0,243.106,135.5583
80.2889,91.9229,0.0,3.0,364.589,135.5583
91.6146,111.0249,0.0,2.0,470.4229,201.3445
89.5989,105.1301,0.0,3.0,421.2376,201.3445
63.7721,66.4579,0.0,2.0,221.0591,95.7261
92.4322,105.679,0.0,4.0,404.4563,196.7916
147.9196,167.0739,0.0,4.0,721.2015,298.4645
141.2876,163.0815,0.0,3.0,741.1323,303.7391
136.3125,151.6629,0.0,2.0,720.6097,303.7391
129.4233,141.0631,0.0,4.0,607.9414,244.9423
123.92,128.5309,0.0,2.0,462.465,185.9004
142.8531,144.2213,0.0,3.0,515.9456,185.9004
347.1477,534.4564,0.0,1.0,2460.9753,1167.3081
349.9088,535.7675,0.0,2.0,2506.7062,1167.3081
188.1772,235.0572,0.0,3.0,1128.8079,464.3762
152.4888,217.7224,0.0,4.0,1009.392,464.3762
71.7974,78.3964,0.0,3.0,305.3938,136.2592
80.5663,91.5629,0.0,2.0,379.7772,147.0667
70.8051,80.1395,0.0,1.0,295.6408,147.0667
127.8744,185.0536,0.0,2.0,853.5251,396.9505
116.993,182.3038,0.0,2.0,781.4585,396.9505
51.0327,57.1822,0.0,2.0,224.2355,108.2388
98.5189,126.6075,0.0,2.0,632.1555,253.8445
106.9199,135.1577,0.0,3.0,676.7493,253.8445
107.1703,141.6914,0.0,4.0,637.5112,304.0306
105.0997,137.762,0.0,3.0,600.1356,304.0306
79.1158,88.0154,0.0,1.0,432.1923,134.6368
85.404,100.9382,0.0,0.0,476.1953,172.5946
85.6001,105.5742,0.0,1.0,484.5278,172.5946
132.1101,181.2578,0.0,2.0,963.5793,369.6859
128.0396,175.2453,0.0,3.0,573.0668,369.6859
73.2825,77.5886,0.0,3.0,330.5361,118.7462
52.9652,61.0528,0.0,1.0,210.3222,118.7462
32.0566,33.1292,0.0,1.0,128.8057,52.3289
37.6103,40.3957,0.0,1.0,167.8656,66.005
94.0262,138.7226,0.0,0.0,421.7312,301.0354
97.4947,140.7812,0.0,1.0,624.1567,301.0354
41.3409,46.8561,0.0,0.0,256.442,187.4426
64.526,76.9741,0.0,3.0,333.2127,151.4589
164.0321,203.5716,0.0,3.0,839.5338,434.8509
223.9384,252.7228,0.0,1.0,1197.9133,434.8509
213.2197,251.0106,0.0,0.0,1135.2881,450.4606
179.1621,224.8109,0.0,1.0,1029.0098,464.5185
183.0543,211.4345,0.0,2.0,1027.0749,464.5185
169.8432,192.2298,0.0,3.0,812.6481,353.8137
176.4621,197.7603,0.0,4.0,784.2323,367.0074
209.0876,224.5111,0.0,5.0,955.8486,367.0074
192.7667,206.8213,0.0,6.0,1016.0755,311.2274
204.58,217.8694,0.0,4.0,897.8229,311.2274
164.2507,177.4172,0.0,3.0,582.5144,285.1393
165.127,176.5658,0.0,4.0,693.7003,287.81
307.4194,368.9028,0.0,3.0,1617.2122,728.5654
295.67,363.1561,0.0,2.0,1738.8977,728.5654
239.6937,251.8345,0.0,2.0,1041.5939,337.7768
231.4442,243.581,0.0,5.0,771.0032,337.7768
214.2753,233.6144,0.0,2.0,1018.6417,406.9045
247.3123,260.9068,0.0,2.0,1189.6325,406.9045
213.7226,216.8544,0.0,8.0,818.6631,280.2366
158.4145,164.1538,0.0,6.0,612.9878,235.3498
130.3682,137.6406,0.0,2.0,659.5184,176.2476
98.6171,116.0815,0.0,2.0,570.9876,186.1816
100.4794,133.7266,0.0,3.0,686.0424,267.4598
109.7423,138.7404,0.0,1.0,731.5408,267.4598
53.6743,67.7468,0.0,4.0,282.331,140.5716
56.1562,83.1116,0.0,1.0,274.0777,199.9739
97.881,127.1181,0.0,3.0,567.3464,274.4588
101.7243,118.4903,0.0,8.0,514.5139,274.4588
105.9505,109.4805,0.0,7.0,482.1671,157.5732
95.758,102.7946,0.0,4.0,473.6147,158.3552
73.1529,81.7959,0.0,3.0,394.4306,158.3552
54.8699,66.3809,0.0,0.0,228.2853,134.1564
36.7022,37.5374,0.0,2.0,142.296,51.5839
59.3512,66.4875,0.0,3.0,264.7536,124.0711
68.0158,72.325,0.0,5.0,268.0944,124.0711
269.5107,487.7428,0.0,2.0,2178.3843,1086.3086
270.407,487.9474,0.0,1.0,1425.712,1086.3086
62.2689,65.0856,0.0,0.0,268.6083,106.8525
86.0836,98.0215,0.0,1.0,466.1832,177.8121
92.331,101.8382,0.0,1.0,448.2931,177.8121
72.759,74.0989,0.0,3.0,262.2473,95.9127
67.5078,70.275,0.0,5.0,258.1391,103.0664
59.4961,63.4701,0.0,3.0,214.7718,103.0664
68.3843,74.3277,0.0,3.0,315.5057,129.1866
102.2825,108.8597,0.0,3.0,522.655,161.6543
125.4951,133.6584,0.0,5.0,529.09,198.3759
124.298,140.8243,0.0,3.0,590.776,302.4349
132.0397,158.9066,0.0,1.0,638.6257,313.086
168.3052,182.7376,0.0,3.0,719.238,313.086
138.8139,150.1896,0.0,6.0,526.4354,246.6686
81.053,90.3254,0.0,5.0,367.5391,163.7526
58.6893,67.2681,0.0,0.0,270.0124,122.3265
62.0888,67.7085,0.0,5.0,293.9003,113.4422
73.8581,77.7151,0.0,7.0,338.1272,113.4422
57.5994,61.5583,0.0,4.0,219.5677,102.2998
56.1054,61.3115,0.0,1.0,248.1317,103.3491
56.4772,61.6604,0.0,2.0,273.0056,103.3491
51.2604,57.8534,0.0,4.0,274.0589,99.1152
44.9922,52.3281,0.0,3.0,177.8287,99.1152
56.5467,67.2215,0.0,3.0,282.7205,133.3567
74.5384,80.7022,0.0,2.0,377.317,133.3567
218.9369,366.8857,0.0,2.0,1709.0517,810.6783
204.1518,364.5077,0.0,2.0,1651.6082,810.6783
59.9106,79.9326,0.0,1.0,386.3221,165.549
57.0624,80.7328,0.0,0.0,402.9255,165.549
60.8468,80.0822,0.0,0.0,408.6301,159.9663
63.2733,79.3526,0.0,2.0,381.9359,159.9663
38.7817,40.3315,0.0,2.0,148.8615,56.9582
58.2503,89.5832,0.0,2.0,380.5454,297.6082
92.1449,138.38,0.0,2.0,622.7641,301.0973
77.0283,114.4616,0.0,3.0,393.2672,301.0973
44.5089,45.4948,0.0,5.0,161.1054,62.0386
41.7252,42.2576,0.0,5.0,144.8177,53.8674
81.3329,109.1543,0.0,3.0,480.6465,228.3889
91.8405,115.2034,0.0,3.0,412.1543,228.3889
278.59,500.7115,0.0,1.0,1611.1135,1214.3234
324.8986,550.9203,0.0,2.0,2702.752,1215.0269
100.6351,236.8782,0.0,1.0,1293.4739,1215.0269
55.4539,57.3097,0.0,1.0,214.6715,82.5886
62.5522,64.3648,0.0,0.0,251.0551,86.9479
44.2875,49.0743,0.0,1.0,189.9331,86.9479
14.9254,22.66,0.0,0.0,74.7208,44.2037
31.5173,75.6969,0.0,0.0,187.0329,187.179
44.2989,84.5333,0.0,1.0,376.659,188.7299
15.5001,37.9575,0.0,1.0,203.4755,188.7299
24.5174,36.2423,0.0,2.0,124.7149,108.3499
103.0079,122.0731,0.0,2.0,494.7935,209.9193
136.9283,146.7363,0.0,2.0,622.1447,209.9193
157.5968,217.4531,0.0,0.0,768.7479,481.2979
138.9438,220.2745,0.0,1.0,1017.3049,481.513
62.0142,102.5985,0.0,1.0,607.4199,481.513
60.1613,71.0375,0.0,2.0,343.7323,132.2988
52.7252,65.7755,0.0,1.0,247.5769,132.2988
32.921,34.0426,0.0,2.0,125.7744,49.1179
40.0758,44.3616,0.0,2.0,178.8476,80.0307
94.9566,122.6396,0.0,2.0,565.3982,256.5418
85.4073,118.5882,0.0,1.0,478.2464,256.5418
40.3133,47.8108,0.0,1.0,229.7266,90.4567
45.8829,53.1135,0.0,4.0,251.2458,90.4567
33.3977,36.9344,0.0,2.0,129.4453,69.8432
40.169,44.7146,0.0,2.0,186.5556,86.282
36.392,42.8802,0.0,3.0,155.1415,86.282
96.6242,243.606,0.0,2.0,940.1006,834.6559
224.5002,380.2478,0.0,3.0,1852.4297,836.4965
155.1099,294.5044,0.0,2.0,1116.2595,836.4965
74.777,112.5253,0.0,3.0,601.2044,236.829
72.0182,108.9039,0.0,2.0,492.3622,236.829
32.8016,106.1232,0.0,0.0,1095.3693,1032.0652
294.5323,582.736,0.0,0.0,2595.3926,1302.4874
293.5038,573.9045,0.0,0.0,1421.3968,1302.4874
46.7823,50.149,0.0,3.0,220.7279,79.3392
47.2473,50.79,0.0,2.0,244.6428,79.3392
36.9511,41.3774,0.0,0.0,313.2512,199.8692
87.4904,133.6582,0.0,0.0,618.8427,291.6956
132.0647,167.7238,0.0,1.0,682.9473,291.6956
258.5958,390.9477,0.0,2.0,2050.9177,836.1071
214.8065,377.4146,0.0,1.0,1846.8198,836.1071
41.0505,42.6263,0.0,0.0,191.1763,95.7052
40.4311,41.1545,0.0,0.0,155.1675,55.446
42.7971,43.4985,0.0,0.0,144.0338,56.011
139.2297,208.7925,0.0,1.0,969.0028,451.1451
161.4452,218.6915,0.0,1.0,1106.171,451.1451
103.7564,122.8835,0.0,2.0,648.7723,213.992
101.1582,118.4368,0.0,1.0,533.0544,213.992
99.8243,105.7948,0.0,2.0,458.3359,155.9575
98.3273,102.6492,0.0,8.0,366.3406,155.9575
66.7511,70.4512,0.0,6.0,254.9869,111.3128
59.6381,66.9121,0.0,3.0,304.4998,117.8485
71.3148,81.8663,0.0,3.0,384.945,126.0999
59.7655,69.2631,0.0,1.0,259.1856,126.0999
55.7747,61.1749,0.0,2.0,253.5629,100.5576
88.0703,106.1033,0.0,5.0,723.489,377.8312
145.1015,200.5798,0.0,1.0,1035.9606,411.5025
114.5756,181.4331,0.0,2.0,533.4548,411.5025
38.2918,42.2058,0.0,1.0,144.7812,75.8819
120.8059,200.9368,0.0,0.0,902.37,442.6663
181.7518,247.1111,0.0,0.0,1459.7322,442.6663
95.1427,148.6587,0.0,3.0,724.92,323.8737
56.1555,64.8625,0.0,1.0,300.4229,117.0128
58.8525,66.5987,0.0,0.0,295.244,117.0128
47.2982,50.2068,0.0,1.0,188.2176,75.5211
57.013,63.1063,0.0,2.0,265.5719,108.811
53.495,60.4416,0.0,3.0,278.9096,108.811
38.4907,39.6117,0.0,0.0,148.1822,57.2846
41.1998,42.4198,0.0,3.0,149.1074,64.4829
44.8729,46.5509,0.0,4.0,188.7548,64.4829
39.56,41.2905,0.0,2.0,148.3106,59.7044
36.5003,37.2325,0.0,2.0,127.516,50.8072
35.9287,36.9649,0.0,5.0,150.8612,51.9127
41.9498,44.4973,0.0,4.0,185.2444,69.1096
40.9261,43.1338,0.0,3.0,153.2972,69.1096
35.4466,36.2626,0.0,1.0,123.4922,49.7162
32.9378,34.4326,0.0,1.0,122.1991,49.7162
89.3635,140.4463,0.0,2.0,624.5952,306.8603
90.4941,140.6509,0.0,4.0,641.1584,306.8603
34.8184,35.8922,0.0,2.0,140.9614,49.3065
44.1365,45.2531,0.0,1.0,146.7139,62.4921
68.859,75.4282,0.0,2.0,292.1557,131.8432
353.8023,604.4884,0.0,1.0,2817.8623,1338.6871
346.7508,603.3336,0.0,3.0,2732.4473,1338.6871
85.2519,96.8672,0.0,6.0,423.4228,170.3425
94.3799,104.9867,0.0,5.0,418.1174,170.3425
104.2199,107.5505,0.0,5.0,427.9254,140.611
124.2487,135.4197,0.0,4.0,499.2035,228.299
96.3429,116.5991,0.0,3.0,388.3018,228.299
168.3758,273.3876,0.0,3.0,1252.4244,601.033
171.4361,274.9444,0.0,2.0,1338.4362,601.033
50.6948,60.4995,0.0,0.0,210.3974,116.5335
156.7687,279.9905,0.0,2.0,761.4762,646.0794
171.999,292.0912,0.0,3.0,1339.3255,646.1719
93.082,133.0005,0.0,2.0,1033.3651,646.1719
95.4308,115.9998,0.0,2.0,576.7038,221.5267
50.1609,61.7434,0.0,1.0,205.3411,123.093
33.7752,35.7713,0.0,1.0,117.8781,56.5286
43.1978,45.759,0.0,6.0,183.0586,63.1442
328.5384,622.4156,0.0,1.0,2732.9974,1389.5896
326.1324,622.5052,0.0,2.0,2802.173,1389.5896
42.5185,49.1641,0.0,1.0,265.062,158.2887
69.4585,165.6454,0.0,5.0,1375.3072,1193.2577
313.3927,579.5117,0.0,2.0,2645.2562,1291.5946
285.038,557.1901,0.0,2.0,1400.2505,1291.5946
39.433,41.8752,0.0,0.0,150.3434,67.6129
188.2598,330.2166,0.0,1.0,1467.3563,733.6006
189.6472,330.5197,0.0,1.0,1492.6253,733.6006
41.2145,46.4083,0.0,0.0,207.7903,77.0007
40.4655,45.2732,0.0,0.0,215.0485,77.0007
37.0159,39.246,0.0,0.0,155.4063,57.7734
81.777,98.9502,0.0,5.0,490.2548,168.9908
82.1718,98.6731,0.0,7.0,362.7763,168.9908
90.8659,133.771,0.0,4.0,605.5666,290.4659
106.6228,143.13,0.0,2.0,720.0801,290.4659
57.0353,67.0717,0.0,1.0,306.0771,123.4943
40.8054,43.0122,0.0,1.0,158.6851,69.3211
52.3479,61.5093,0.0,2.0,268.8937,119.9492
69.7147,78.3563,0.0,3.0,338.1232,119.9492
63.9817,68.4008,0.0,1.0,221.0741,114.2354
65.9418,69.2234,0.0,0.0,224.7746,110.6701
75.0931,78.6972,0.0,1.0,303.2799,110.6701
59.3262,63.2844,0.0,1.0,217.1114,99.6326
74.7613,92.4933,0.0,2.0,386.5989,185.2857
129.5122,140.6955,0.0,3.0,640.1476,254.1007
151.1066,161.9211,0.0,5.0,643.1655,256.1093
126.1065,146.8954,0.0,4.0,545.0449,256.1093
83.6748,100.4512,0.0,3.0,447.4278,186.7603
72.5086,85.6391,0.0,2.0,379.5267,149.9879
75.388,91.3913,0.0,2.0,397.3626,149.9879
69.4886,79.2491,0.0,4.0,338.2124,129.1356
64.3212,74.3156,0.0,2.0,329.5538,116.244
75.2553,95.6849,0.0,2.0,644.2624,230.0216
98.3569,129.4482,0.0,1.0,632.7741,240.4805
73.0728,106.7037,0.0,0.0,336.4235,240.4805
30.3814,34.575,0.0,0.0,131.118,64.6678
66.3188,101.5152,0.0,1.0,443.6656,222.3246
77.9555,106.6276,0.0,1.0,444.6347,222.3246
100.1801,209.213,0.0,1.0,777.9881,639.1822
154.4616,287.0832,0.0,1.0,1292.3148,640.5272
108.1532,206.8279,0.0,1.0,848.7687,640.5272
222.6199,350.9748,0.0,2.0,1662.2355,773.0746
206.9296,347.9473,0.0,1.0,1450.9322,773.0746
55.596,90.0535,0.0,0.0,397.2214,259.7927
78.7601,121.4062,0.0,0.0,570.9119,266.4727
78.9315,112.0648,0.0,0.0,556.7037,266.4727
54.4957,75.2291,0.0,1.0,342.2812,159.0008
31.6286,32.4406,0.0,0.0,119.8952,44.4024
37.7561,42.3294,0.0,2.0,181.0716,74.7319
46.788,58.9721,0.0,3.0,309.571,105.7027
50.6699,62.6644,0.0,3.0,281.234,105.7027
230.1985,414.6962,0.0,2.0,1885.8266,922.185
222.2516,413.6842,0.0,3.0,1848.946,922.185
124.2699,219.0314,0.0,1.0,1035.7383,485.4631
126.6293,219.2792,0.0,1.0,1070.069,485.4631
39.7923,43.5266,0.0,2.0,195.4589,63.2404
37.6579,40.0396,0.0,2.0,140.0905,63.2404
48.1033,51.5634,0.0,2.0,161.53,80.7194
48.672,51.9217,0.0,2.0,176.398,80.7194
39.9986,42.2144,0.0,1.0,178.8804,65.405
47.917,52.8036,0.0,0.0,207.4316,86.5081
345.8433,633.584,0.0,3.0,2936.1925,1411.7759
368.9616,636.6133,0.0,2.0,1942.8316,1411.7759
106.8103,113.1582,0.0,1.0,381.7941,172.7218
101.2636,109.7338,0.0,5.0,431.7284,172.7218
161.6633,279.6613,0.0,2.0,1008.0302,762.608
198.5645,344.7888,0.0,0.0,1559.9845,765.3536
123.052,223.0738,0.0,2.0,1015.2699,765.3536
106.6159,125.0342,0.0,3.0,661.3897,230.5497
108.3115,132.6434,0.0,1.0,710.9101,230.5497
65.799,86.8208,0.0,2.0,420.1064,174.6257
44.49,51.2167,0.0,3.0,230.6864,77.6145
46.6722,52.5769,0.0,5.0,257.2948,77.6198
68.8187,88.2903,0.0,5.0,400.689,175.5579
89.6963,113.212,0.0,2.0,661.4072,178.0262
126.6918,166.1912,0.0,0.0,935.9695,339.9281
117.0517,170.5135,0.0,1.0,837.4435,340.4536
48.3352,90.8197,0.0,1.0,392.102,340.4536
63.4447,84.6238,0.0,2.0,388.5829,182.6886
160.4413,231.8317,0.0,3.0,1239.0657,484.1359
131.1923,219.3208,0.0,1.0,1015.8182,484.1359
84.1337,127.6991,0.0,0.0,623.354,274.7222
87.4512,128.834,0.0,0.0,638.7681,274.7222
57.7651,69.9249,0.0,1.0,349.4727,128.5947
60.6474,73.6498,0.0,1.0,377.292,128.5947
39.8869,48.3566,0.0,1.0,186.5651,94.8363
51.6554,71.4139,0.0,1.0,323.2813,151.7112
93.0267,112.6459,0.0,2.0,581.5606,188.1639
93.4055,110.6124,0.0,5.0,601.4044,188.1639
57.0173,71.0664,0.0,3.0,335.4073,144.0034
48.9007,61.8004,0.0,1.0,287.412,121.2581
49.7966,62.0003,0.0,2.0,306.58,121.2581
41.6203,48.455,0.0,4.0,265.3643,135.0166
59.4926,77.7268,0.0,3.0,357.2905,160.3081
57.9179,73.4545,0.0,2.0,250.841,160.3081
46.524,48.3,0.0,2.0,177.667,75.0342
58.6634,61.6956,0.0,3.0,216.6087,92.5023
92.1603,100.3713,0.0,5.0,380.6248,172.8393
111.6327,118.4024,0.0,6.0,470.5144,172.8393
94.3214,102.1503,0.0,4.0,493.525,163.8353
92.9189,97.6908,0.0,6.0,454.2049,140.7065
115.5651,118.203,0.0,6.0,493.833,156.6416
111.0972,115.2316,0.0,1.0,451.1521,156.6416
98.1848,103.8856,0.0,1.0,426.936,163.0719
86.5976,93.2872,0.0,2.0,361.5073,163.0719
84.8324,88.0849,0.0,4.0,341.4453,119.0807
85.2558,87.9705,0.0,7.0,350.0449,119.0807
84.8176,91.4999,0.0,5.0,409.9611,154.1021
90.6469,97.0455,0.0,3.0,357.6054,154.1021
168.0117,216.1673,0.0,3.0,1011.3931,436.4541
172.6074,218.6609,0.0,3.0,1051.0807,436.4541
114.2189,122.6639,0.0,2.0,510.1147,205.2603
105.0836,116.2968,0.0,2.0,442.935,205.2603
72.2536,82.5799,0.0,1.0,338.7049,158.2888
63.829,76.456,0.0,1.0,359.2885,158.2888
42.8795,52.031,0.0,3.0,244.5536,102.2312
30.9615,33.7347,0.0,4.0,143.7892,53.5685
35.9525,42.4977,0.0,1.0,204.0647,73.3236
32.4246,38.4655,0.0,2.0,177.7525,73.3236
66.0475,105.5934,0.0,2.0,371.3896,232.7438
103.5268,138.9083,0.0,5.0,586.4768,232.7438
69.337,96.2835,0.0,2.0,291.6487,202.2342
35.29,38.2892,0.0,0.0,151.5425,55.8621
32.1451,36.812,0.0,1.0,166.9365,55.8621
36.5272,40.4599,0.0,4.0,179.6582,63.2037
32.7687,35.9029,0.0,3.0,139.3219,63.2037
38.4694,45.5436,0.0,2.0,215.3426,88.1732
37.7026,45.3659,0.0,3.0,184.1068,88.1732
27.5309,29.7487,0.0,4.0,125.5833,46.1973
32.2052,33.6175,0.0,6.0,117.7959,46.1973
196.2142,358.0981,0.0,1.0,1601.8266,797.9868
200.535,358.7455,0.0,2.0,1619.1711,797.9868
45.3992,50.4668,0.0,0.0,214.8229,81.1902
143.3701,284.1801,0.0,1.0,981.9716,796.541
209.5777,361.0704,0.0,1.0,1643.6955,802.6736
120.9171,230.2572,0.0,3.0,935.3157,802.6736
84.563,93.3147,0.0,3.0,420.2367,163.2904
78.22,89.209,0.0,2.0,317.9047,163.2904
59.9851,62.2441,0.0,2.0,234.1765,88.1676
61.794,64.0821,0.0,4.0,228.7859,88.1676
97.4053,124.1243,0.0,4.0,489.7289,251.9448
89.6665,121.4292,0.0,5.0,550.8051,251.9448
35.9279,39.1765,0.0,1.0,217.1841,108.3154
42.2155,47.3609,0.0,0.0,220.7281,78.5914
40.6488,45.0529,0.0,0.0,207.2364,78.5914
193.4836,418.6999,0.0,0.0,1153.5152,1065.8861
355.8792,533.7595,0.0,2.0,3115.9064,1066.0544
199.8482,334.1579,0.0,3.0,2157.6215,1066.0544
102.9009,159.7446,0.0,2.0,768.2723,345.4272
104.5741,159.5995,0.0,2.0,790.7507,345.4272
37.8836,44.1396,0.0,1.0,178.9076,80.0556
41.2358,47.8878,0.0,1.0,222.1146,88.8145
59.9798,73.1746,0.0,1.0,378.7175,131.9662
44.6646,61.8948,0.0,1.0,215.7918,131.9662
65.6048,106.8639,0.0,0.0,491.0378,235.8143
82.408,113.551,0.0,0.0,581.5807,235.8143
44.9444,51.7198,0.0,1.0,258.2989,86.3477
39.8364,46.2449,0.0,1.0,205.0184,86.3477
227.293,357.8638,0.0,2.0,1880.6257,771.9167
224.0199,357.4406,0.0,2.0,1728.357,771.9167
46.7007,54.218,0.0,0.0,263.0079,97.0949
91.5198,125.1355,0.0,0.0,628.6942,257.4619
85.7374,120.8672,0.0,0.0,563.7084,257.4619
59.0236,69.4464,0.0,0.0,320.6576,132.0415
276.3955,486.4444,0.0,0.0,2306.3532,1078.3958
259.5057,483.5976,0.0,0.0,1406.7929,1078.3958
45.5295,49.9062,0.0,2.0,225.5191,74.8466
69.6471,79.1534,0.0,3.0,334.5139,144.7121
91.5934,111.9754,0.0,4.0,682.2429,345.5608
116.018,164.7828,0.0,2.0,765.8669,349.1439
329.0456,562.9144,0.0,1.0,1680.5209,1237.5278
298.4459,555.1003,0.0,0.0,2551.8779,1237.5278
61.1643,108.5193,0.0,0.0,850.5455,768.9406
50.9938,52.6349,0.0,0.0,190.4137,77.0246
65.2376,74.0325,0.0,1.0,307.8179,134.9887
63.7459,72.9838,0.0,2.0,301.2161,134.9887
67.3812,73.7172,0.0,4.0,303.4408,155.6332
87.9991,95.9677,0.0,10.0,374.1819,175.0232
103.1744,108.887,0.0,9.0,415.3034,175.0232
110.0542,113.2529,0.0,5.0,423.5922,144.1498
95.3793,102.4679,0.0,3.0,452.2269,141.5978
81.1369,91.0273,0.0,2.0,444.5008,139.6837
71.3973,83.0573,0.0,0.0,380.337,133.0419
65.3677,72.7221,0.0,2.0,351.9729,119.8131
95.6282,126.4186,0.0,3.0,668.5983,257.3301
62.5223,116.358,0.0,1.0,487.8435,257.3301
10.037,17.4341,0.0,1.0,94.6213,37.6855
73.9044,81.9947,0.0,3.0,329.059,147.1351
77.9099,86.4149,0.0,5.0,376.0574,147.1351
88.2669,96.4456,0.0,6.0,462.5981,141.5867
92.824,102.9418,0.0,3.0,498.3938,156.6562
86.8218,95.7467,0.0,2.0,412.6359,156.6562
69.2617,72.7551,0.0,0.0,234.3526,116.3225
57.4715,57.6169,0.0,0.0,154.677,66.694
63.8328,65.5839,0.0,1.0,238.0898,95.4325
78.1103,85.194,0.0,3.0,359.3477,140.868
135.8995,154.4338,0.0,4.0,698.8257,256.9997
162.8514,177.1596,0.0,3.0,903.5765,256.9997
97.8319,117.1971,0.0,0.0,575.3297,246.542
66.052,67.1605,0.0,4.0,193.1607,87.5549
88.8638,96.4069,0.0,5.0,468.7693,191.8353
142.8263,165.2667,0.0,2.0,844.1256,284.3371
148.4589,174.2346,0.0,1.0,769.0886,289.1767
98.6583,116.4584,0.0,4.0,523.8311,289.1767
93.7044,102.4221,0.0,4.0,483.1274,165.5308
96.1716,102.2292,0.0,3.0,375.7925,165.5308
92.2486,94.619,0.0,2.0,360.7642,134.8702
104.6458,110.7326,0.0,2.0,437.3058,172.7709
400.6573,667.2376,0.0,0.0,3068.1526,1473.425
404.2032,667.3816,0.0,2.0,3064.5295,1473.425
124.1093,125.4541,0.0,3.0,423.3329,168.294
125.0782,127.0981,0.0,2.0,426.8941,164.8665
107.8025,113.0891,0.0,1.0,391.9092,164.8665
122.1468,136.7361,0.0,0.0,552.4714,239.0125
119.2644,133.1036,0.0,0.0,498.7805,239.0125
102.8066,106.0608,0.0,0.0,344.3664,161.1467
136.6138,139.8193,0.0,0.0,401.3927,186.7898
132.2264,136.4066,0.0,0.0,386.8021,186.7898
147.5543,173.3489,0.0,1.0,767.3427,328.8678
152.5623,177.0752,0.0,3.0,670.3689,328.8678
301.2309,464.0471,0.0,1.0,2130.7766,1012.5732
319.7004,472.7537,0.0,2.0,2358.3298,1012.5732
120.4063,139.7499,0.0,2.0,559.8613,273.1242
81.7778,82.6062,0.0,1.0,253.6262,103.6709
75.2097,76.0578,0.0,3.0,228.954,103.6709
102.449,117.994,0.0,4.0,470.7779,224.9218
106.1729,121.6919,0.0,2.0,484.3983,224.9218
90.3893,98.5409,0.0,2.0,420.3372,162.8453
94.8341,102.8899,0.0,3.0,422.4921,162.8453
84.7423,89.372,0.0,3.0,351.8618,127.6626
69.9376,73.7647,0.0,2.0,249.0129,117.1461
59.7941,61.0948,0.0,1.0,185.2608,87.9674
87.0574,93.451,0.0,3.0,313.4192,156.3878
123.2389,131.6721,0.0,2.0,597.2067,196.3586
127.8965,138.89,0.0,1.0,643.6952,204.723
101.6228,111.469,0.0,2.0,384.2231,204.723
161.1998,200.4694,0.0,2.0,833.9118,387.6782
200.6304,229.6338,0.0,4.0,1105.1438,387.6782
168.8661,202.569,0.0,2.0,971.8336,345.6693
137.6493,174.0883,0.0,2.0,818.1239,345.6693
107.9092,114.3077,0.0,2.0,431.4255,166.726
123.4715,136.2699,0.0,1.0,587.4166,222.582
122.7163,133.7902,0.0,1.0,482.6359,222.582
123.0091,129.8359,0.0,3.0,483.623,205.5023
