MAV,RMS,ZC,SSC,WL,rawPeak
244.7305,341.8635,44.0,61.0,31963.1048,1417.5007
363.3913,516.468,42.0,56.0,45924.5142,2237.7925
938.5692,1787.2388,42.0,54.0,102295.1369,9057.7451
1066.9792,1942.2762,38.0,55.0,111370.202,9057.7451
625.3531,966.3859,20.0,64.0,43891.4369,5530.1953
497.1824,531.1703,6.0,64.0,16582.3481,849.0739
384.4273,460.8371,24.0,65.0,29939.645,1542.6696
336.495,475.0722,41.0,73.0,44467.5143,1758.2771
335.2444,575.2228,44.0,67.0,46177.079,3026.012
366.1201,597.3484,37.0,60.0,48894.8424,3026.012
346.2849,469.194,31.0,59.0,41881.5794,1841.1299
305.6193,392.1159,44.0,67.0,37377.048,1208.1801
327.4,436.8709,44.0,66.0,42110.4793,1563.458
305.4183,416.5464,44.0,61.0,40700.9816,1563.458
296.2023,421.0441,58.0,71.0,45997.2487,2042.5549
334.0616,453.3288,45.0,73.0,43779.389,2042.5549
311.8614,400.2708,39.0,69.0,36466.1583,1244.6215
304.6305,382.7915,44.0,63.0,37370.967,1244.6215
282.2302,348.4742,39.0,61.0,34044.5471,934.5503
308.6351,423.7489,45.0,64.0,41744.6804,1884.3247
513.702,847.4454,44.0,63.0,64166.124,4061.2754
490.3614,816.5518,40.0,62.0,58221.9449,4061.2754
291.8531,392.3371,37.0,60.0,36438.2098,1313.061
231.3214,331.1667,44.0,63.0,30915.6106,1313.061
402.3062,703.3331,52.0,67.0,59751.0002,3513.7734
496.6845,753.3753,36.0,69.0,60710.8894,3513.7734
361.014,447.4804,26.0,60.0,32830.0153,1039.7163
353.1057,452.7126,35.0,60.0,36662.7719,1083.8156
314.6797,404.3409,44.0,69.0,36071.8257,1083.8156
695.9567,1317.4617,42.0,66.0,70930.9376,5624.001
1042.2596,1632.8107,29.0,63.0,95577.0126,5624.001
690.7028,1051.4821,21.0,68.0,61098.6308,5349.1616
345.9178,420.2335,31.0,65.0,36937.4241,1070.8
254.6693,331.177,39.0,64.0,31726.4482,1046.0316
313.4922,594.9691,27.0,65.0,34368.5115,4514.4141
656.5624,1251.3293,14.0,62.0,62392.7559,6992.5937
729.303,1196.0867,5.0,64.0,49254.3116,6992.5937
431.9217,547.6862,17.0,68.0,30068.8176,2313.2773
328.6142,473.1932,40.0,69.0,40601.8896,2313.2773
757.0106,1528.7153,41.0,67.0,100881.8933,8653.9697
1309.3907,2281.9287,26.0,65.0,144126.7921,9408.0332
1049.0363,1797.8284,7.0,62.0,73641.1194,9408.0332
488.6201,581.1609,16.0,57.0,28421.0167,1175.4048
296.0085,354.1118,42.0,60.0,33674.1603,857.9852
293.4323,395.4901,48.0,66.0,38537.9603,1710.6628
332.2379,610.3347,44.0,62.0,44405.063,4572.7705
434.8016,655.5146,30.0,63.0,41474.5971,4572.7705
405.6012,478.6987,24.0,62.0,33705.3421,1034.8105
333.4056,435.5368,31.0,59.0,37430.2782,1333.1605
287.3495,408.5252,37.0,59.0,34812.3246,1333.1605
424.117,766.6385,40.0,66.0,55057.7157,4308.1602
556.1893,819.4,27.0,70.0,57044.347,4308.1602
533.3537,795.9349,29.0,71.0,50314.1047,4408.6094
556.6517,1017.9434,48.0,73.0,74202.086,6393.1216
1601.9117,3075.2383,35.0,66.0,173152.8113,15198.6816
2163.6104,3444.0559,22.0,60.0,207975.1415,15198.6816
1407.2811,1905.2959,13.0,59.0,81635.4331,9987.3232
892.5012,962.1655,2.0,55.0,20498.1028,1519.5305
574.0111,645.0768,12.0,56.0,31013.7806,1212.9402
492.279,750.2842,26.0,61.0,41407.6185,5494.2129
828.8669,1482.4951,32.0,64.0,94362.2485,7704.7852
997.377,1465.4294,14.0,63.0,75425.0197,7704.7852
609.2947,673.6166,2.0,60.0,17245.4528,1364.906
381.6697,443.4454,20.0,61.0,23119.1165,1039.885
449.7249,790.6734,35.0,65.0,49072.7577,4933.6606
547.8832,991.6026,32.0,58.0,58480.5013,4933.6606
452.689,731.7687,25.0,56.0,37107.7715,3524.989
363.6526,441.3528,20.0,58.0,24474.1069,986.0551
297.2907,381.8085,20.0,53.0,22326.4783,1248.2582
360.6312,541.9205,31.0,49.0,45287.8109,2464.6997
608.8193,954.7624,35.0,51.0,71025.4513,4397.9434
563.2568,874.379,26.0,55.0,54685.4235,4397.9434
416.6539,470.8994,15.0,61.0,29361.3374,879.9957
307.3402,389.3895,25.0,62.0,24388.8732,956.5916
314.6484,497.3739,42.0,64.0,41351.2177,2750.6118
349.6811,516.6636,49.0,60.0,46043.3792,2750.6118
347.2899,565.1847,47.0,56.0,44458.6919,3389.1997
412.666,602.1671,35.0,58.0,42822.0438,3389.1997
349.7743,444.3794,39.0,65.0,38229.6852,1460.9812
369.5093,517.039,41.0,68.0,45458.8303,1806.7371
595.8793,1156.1583,37.0,62.0,72480.8951,8846.6436
1857.7715,3568.2153,35.0,61.0,236244.0273,14897.9424
2038.1976,3503.8293,23.0,70.0,219810.7362,14897.9424
983.8846,1065.4266,9.0,68.0,47387.0265,1950.2886
632.4911,746.8882,21.0,66.0,36099.0599,1490.5432
648.2052,976.2758,40.0,59.0,73066.135,4783.7881
1251.6563,1953.4086,45.0,54.0,145351.7507,6712.7832
1288.6652,1880.887,29.0,60.0,124106.2726,6712.7832
845.9975,928.8427,8.0,67.0,45180.3593,2478.6345
579.7179,667.2503,12.0,62.0,32826.0299,1387.6396
445.3528,615.9842,35.0,64.0,47478.4456,3246.8076
538.865,835.4916,47.0,67.0,68815.6143,3732.7749
540.1677,758.1111,27.0,64.0,49618.4609,3732.7749
507.2834,542.899,9.0,64.0,22825.5262,958.89
479.6342,520.2655,20.0,72.0,32565.9009,1127.8645
406.3087,461.7412,29.0,67.0,37193.904,1127.8645
349.5262,399.625,25.0,59.0,26618.7867,942.1733
321.2532,353.8512,20.0,62.0,20190.8748,729.4982
336.4491,379.2449,14.0,66.0,15812.1669,781.1541
270.1588,323.2565,13.0,63.0,14141.7855,781.1541
266.6372,342.8004,25.0,58.0,26459.4746,1109.3407
333.629,425.0924,45.0,56.0,41146.7556,1400.1709
363.2659,505.9693,36.0,60.0,43564.4489,2464.4648
362.7266,502.9004,27.0,62.0,39510.3237,2464.4648
359.4218,447.315,30.0,60.0,32924.6327,1269.9989
372.6644,487.2186,32.0,61.0,34704.8439,1885.1962
452.84,706.9171,34.0,69.0,50717.1202,3260.8784
1042.8948,2139.1584,33.0,70.0,136136.7328,13512.9795
1137.6758,2126.3403,26.0,62.0,131197.9393,13512.9795
566.9775,663.0969,26.0,60.0,48365.0524,1366.4275
406.3284,507.1985,32.0,57.0,39768.3046,1775.4065
878.4126,1756.1318,35.0,56.0,89808.2925,9053.4502
1888.5265,3058.4124,37.0,61.0,219202.4612,11305.8418
1831.9586,2736.5955,29.0,64.0,193933.4557,11305.8418
1003.6573,1225.5406,22.0,61.0,73865.1834,5647.9751
642.8822,783.0287,30.0,53.0,56057.2127,1745.3505
513.797,609.7994,31.0,55.0,51438.9958,1745.3505
523.5791,666.0913,34.0,60.0,55815.5469,3537.9399
621.5284,748.5145,24.0,61.0,45431.5789,3537.9399
667.5512,722.7449,6.0,65.0,31407.2037,1394.5352
470.2796,547.5868,12.0,62.0,27775.947,1244.6897
314.5765,394.6878,43.0,68.0,35133.527,1558.2144
310.3561,398.9801,56.0,71.0,45274.02,1558.2144
743.4264,1256.697,43.0,64.0,90057.7467,5038.23
884.9915,1309.0302,17.0,59.0,74077.2714,5038.23
446.1822,520.4922,11.0,65.0,19053.0881,1035.3362
334.897,472.609,34.0,65.0,36269.0673,2516.4653
1377.5645,2564.2434,42.0,63.0,143628.5969,9804.5977
1984.038,3011.9192,26.0,62.0,161937.7124,9804.5977
1374.4988,1834.9338,6.0,64.0,49397.2663,7996.1895
960.6734,1010.595,0.0,66.0,19778.8397,1677.9011
615.8078,674.2215,14.0,62.0,28046.917,1107.9561
547.2444,871.2908,34.0,63.0,59771.353,5714.542
1215.8759,2375.8564,32.0,61.0,119367.0168,12573.5801
1126.2078,2271.2849,28.0,60.0,98718.6385,12573.5801
380.1308,465.3123,28.0,65.0,37261.1079,1610.2367
329.2185,408.8425,30.0,64.0,34465.4606,1610.2367
355.3122,449.1707,40.0,69.0,43306.9263,1657.2383
477.2031,821.7491,46.0,68.0,62529.0022,5723.5083
576.7344,859.7663,27.0,62.0,50319.5869,5723.5083
499.5524,541.4326,13.0,67.0,26831.3899,903.5978
399.5626,482.3773,32.0,67.0,38800.5236,1629.1465
1006.6714,2089.8823,42.0,60.0,127873.1972,13113.6631
1874.2648,3092.1294,32.0,62.0,190568.096,13113.6631
1546.2096,2413.2122,13.0,67.0,91680.3958,10188.4111
772.991,827.4907,4.0,67.0,20123.9453,1456.5818
541.7418,622.2697,26.0,66.0,43253.0178,2012.9205
670.9017,902.5807,46.0,64.0,84825.4377,3095.1826
995.7849,1597.5406,48.0,63.0,126213.1757,8062.9805
1160.0905,1783.9758,32.0,60.0,123087.1974,8062.9805
895.0438,1209.3146,8.0,60.0,59410.2443,6060.3286
508.1464,572.3857,9.0,71.0,28273.5848,1363.6577
457.7442,570.2214,30.0,71.0,51260.1474,2014.4471
517.6756,625.6389,38.0,66.0,57911.0535,2014.4471
438.1936,511.6962,25.0,66.0,37617.984,1749.561
339.8978,389.0125,10.0,66.0,21665.9238,780.6818
292.11,349.9011,16.0,64.0,25010.0851,1234.4897
823.9999,1669.5793,35.0,63.0,105082.1538,10552.165
1629.1857,2833.7175,31.0,60.0,191695.4398,11968.2939
1316.1263,2369.9661,17.0,62.0,118134.3469,11968.2939
605.1026,668.3951,10.0,68.0,29708.3524,1226.3357
475.4059,532.5485,23.0,65.0,37971.4026,1140.8773
435.6858,506.1737,31.0,63.0,42625.4958,1115.4247
606.566,1158.1896,33.0,64.0,75726.8401,7667.2773
592.181,1151.3811,42.0,64.0,76060.0873,7667.2773
451.5105,563.9246,32.0,60.0,44277.0856,2524.3499
434.5646,552.1028,27.0,56.0,41528.1636,2524.3499
427.395,621.9138,40.0,64.0,51420.1844,2436.9419
695.5482,1187.3101,41.0,67.0,84497.1131,5309.4058
1174.2438,2088.0947,36.0,60.0,144935.5845,9284.8477
1112.9982,1884.5239,19.0,62.0,102007.7703,9284.8477
537.8074,604.3675,16.0,62.0,22539.4697,1016.8641
381.9845,461.2719,35.0,61.0,36450.5183,1805.5017
941.1375,1948.6511,39.0,69.0,135530.1783,11399.5
1063.8442,1974.7339,21.0,69.0,121307.7864,11399.5
566.7616,605.4592,2.0,69.0,20048.522,960.395
369.1987,415.0229,2.0,64.0,19793.8129,824.5213
420.906,588.0378,21.0,60.0,37976.1503,2308.0166
1000.8148,1690.0184,39.0,65.0,104906.3809,5787.3569
1080.2052,1698.4504,23.0,59.0,90858.1739,5787.3569
577.0974,661.6322,3.0,53.0,21887.4064,2337.8716
332.1854,395.7876,12.0,62.0,19014.2255,887.0495
352.5164,611.4589,35.0,68.0,41249.2205,3509.166
1800.2225,3408.5322,42.0,66.0,202057.2455,13935.6807
2487.1401,3958.4141,23.0,59.0,224676.7219,13935.6807
1414.2648,2208.8704,4.0,56.0,67204.23,13389.6094
737.8473,806.8128,2.0,58.0,19523.7234,1421.5081
600.6969,789.5917,18.0,60.0,42227.0948,3991.4441
1277.5975,2013.1587,32.0,59.0,144751.7913,8027.4136
1840.6354,2831.4355,27.0,61.0,212813.6232,9504.0742
1370.4482,2213.3464,13.0,60.0,111569.7393,9504.0742
786.1119,841.1795,2.0,59.0,23003.3943,1386.894
690.532,809.3287,15.0,59.0,48447.0012,2729.3022
930.9953,1334.7648,34.0,57.0,100820.1683,5360.0781
916.9729,1310.6759,29.0,58.0,96321.0928,5360.0781
673.0455,791.0639,23.0,68.0,60392.0831,2282.8228
568.468,651.6587,22.0,65.0,42615.4357,2005.8766
466.5625,545.2159,21.0,62.0,39582.4459,1591.498
493.2182,683.9738,41.0,68.0,61718.8164,2994.3989
545.7044,781.4508,45.0,63.0,67864.9025,3154.7151
547.69,683.0131,21.0,60.0,42934.8196,3154.7151
470.1384,526.7912,10.0,65.0,30057.3938,1177.95
423.8676,494.6127,22.0,65.0,40477.1893,1300.2438
1437.1951,2762.0059,34.0,62.0,154879.5914,11227.2441
2052.0833,3344.8899,25.0,57.0,188144.4709,12277.3477
1335.5631,2051.5029,7.0,64.0,66122.199,12277.3477
768.1509,827.1369,5.0,72.0,18830.7224,1282.0479
505.1042,571.4088,28.0,67.0,41141.9188,1302.0059
519.5326,708.8291,44.0,72.0,64029.0794,3235.323
918.4325,1390.324,44.0,67.0,107725.2836,5577.0757
1076.4565,1411.7252,27.0,59.0,84982.1011,5577.0757
751.1729,788.9887,6.0,60.0,22332.1748,1244.6345
498.5047,561.5184,14.0,61.0,28563.5378,1522.7084
345.9668,418.2217,29.0,63.0,36101.515,1522.7084
444.1905,765.1649,37.0,66.0,46767.3601,3824.2935
843.179,1596.9694,37.0,64.0,84536.6017,8573.5977
825.4271,1486.0304,26.0,60.0,73439.2639,8573.5977
486.4577,590.4245,30.0,62.0,45197.3795,2244.6165
513.2849,753.4184,40.0,65.0,57429.2126,2549.2983
848.0034,1497.5067,33.0,60.0,74274.3883,7695.9775
893.5566,1559.8033,30.0,58.0,82576.1961,7695.9775
559.8461,831.6764,19.0,59.0,48489.4336,5079.3135
349.3109,392.3057,10.0,60.0,18862.6722,865.8137
421.8544,553.3375,32.0,64.0,46909.8278,2684.4255
596.2649,793.6104,48.0,61.0,80845.1198,2771.5383
578.2461,754.6472,39.0,54.0,66597.2609,2771.5383
478.3481,542.7302,15.0,62.0,30470.574,2132.3232
485.6129,690.5632,19.0,67.0,35762.7027,3885.8774
684.7531,1213.0112,38.0,62.0,82280.0186,5081.9795
2113.8542,3650.6934,30.0,56.0,201352.0113,16095.0557
2147.8828,3567.9597,24.0,64.0,185602.9005,16095.0557
875.5594,959.5836,18.0,66.0,57803.9847,1656.952
782.2195,883.809,19.0,59.0,57677.9092,2781.1606
1656.3655,2937.1265,33.0,56.0,185898.675,13142.2646
2620.1062,4102.3066,35.0,54.0,295288.3555,18662.373
1957.417,3079.8901,21.0,62.0,171840.3112,18662.373
1237.9343,1288.2498,6.0,66.0,36967.7761,1904.6052
980.1337,1029.9219,4.0,70.0,25564.9805,1557.9014
835.7925,1285.028,21.0,67.0,61702.9946,9058.5322
1757.001,3145.2976,36.0,59.0,199678.863,13446.251
1842.9493,3048.5144,29.0,57.0,176580.0754,13446.251
1112.4393,1186.9564,10.0,58.0,33092.554,1827.9102
949.4468,1006.8348,8.0,68.0,38152.5623,1672.0616
694.7609,760.3013,18.0,69.0,48209.9954,1711.5504
849.2929,1454.0692,24.0,62.0,75269.5048,9032.3105
878.4558,1453.9241,14.0,63.0,60286.1147,9032.3105
591.0699,657.6763,6.0,69.0,24538.8663,2412.8198
427.289,520.8209,24.0,66.0,36182.8705,2412.8198
472.8371,683.9411,37.0,66.0,48870.4637,3262.3586
975.934,1696.3102,34.0,66.0,105241.2852,8041.5552
1059.3839,1673.2803,19.0,64.0,90382.3688,8041.5552
628.9066,674.8211,10.0,64.0,27681.4978,1071.2797
409.2323,464.3692,21.0,65.0,26006.9012,995.0919
840.4731,1709.7257,33.0,67.0,95701.2599,9089.123
1008.9879,1757.42,21.0,65.0,95164.5628,9089.123
572.6754,624.0647,7.0,64.0,25987.1513,1721.7739
417.3724,497.6693,21.0,63.0,30847.476,1721.7739
454.7044,694.4037,40.0,67.0,58718.3728,3243.0718
544.2859,807.67,43.0,70.0,78632.8252,3243.0718
455.064,629.2387,37.0,68.0,56723.5557,2453.427
379.9675,465.1582,17.0,67.0,28923.6874,2010.1127
352.3508,495.6604,25.0,68.0,29655.0218,3167.8203
340.4038,525.879,54.0,72.0,50953.1981,3167.8203
456.2973,728.5798,48.0,70.0,57301.7966,3144.1799
416.6911,685.2756,36.0,71.0,45047.6605,3144.1799
277.9086,334.4202,34.0,70.0,31288.3552,933.6179
300.0938,410.463,44.0,62.0,40883.4349,2016.7612
288.7336,412.6969,50.0,59.0,42347.9813,2016.7612
658.5977,1274.2433,39.0,63.0,72862.5389,5443.1548
761.6979,1302.1904,18.0,65.0,65537.4833,5443.1548
428.602,479.3999,10.0,64.0,22119.1953,890.7695
361.8856,427.6616,28.0,68.0,31594.225,1317.8875
312.7101,382.7832,39.0,64.0,36642.9308,1317.8875
491.0337,1000.5022,38.0,60.0,60509.6101,5240.4614
544.2451,1018.6663,28.0,63.0,56345.1957,5240.4614
403.0458,491.6346,26.0,61.0,38730.9772,1557.3933
378.9102,497.0449,40.0,68.0,49947.3904,1557.3933
312.4538,450.3436,45.0,68.0,42039.7731,1659.2966
314.3546,477.7351,45.0,66.0,42918.5809,1873.0613
342.1303,452.4728,37.0,67.0,41443.2072,1873.0613
402.1599,579.3568,39.0,64.0,47894.8362,3185.3909
351.1617,559.1608,44.0,66.0,46153.2643,3185.3909
564.5043,1190.0569,38.0,63.0,69154.673,8608.8193
604.1135,1194.4576,27.0,64.0,64363.2719,8608.8193
296.9452,345.3166,23.0,71.0,22283.6424,1140.6793
294.6896,350.6692,25.0,71.0,28408.5489,1251.9895
333.1049,446.3793,36.0,65.0,38995.3033,1962.8462
612.8859,1135.3966,38.0,61.0,74032.8634,6615.4053
643.3066,1126.6331,30.0,57.0,70561.1469,6615.4053
421.2266,545.9707,40.0,57.0,47888.5781,3272.1689
372.67,510.1847,44.0,61.0,45346.145,3272.1689
321.8413,444.1011,33.0,64.0,35260.355,2845.9485
348.9658,559.9893,29.0,63.0,36358.5453,2845.9485
351.7749,526.9805,27.0,59.0,33482.3325,2782.5527
409.7843,617.2377,34.0,65.0,52226.5749,3664.4736
496.8565,719.2353,38.0,65.0,64383.3646,3664.4736
761.8156,1437.3995,44.0,64.0,104024.6995,10201.0127
696.3594,1385.2656,34.0,70.0,88080.2466,10201.0127
366.9436,404.0293,8.0,65.0,18669.851,628.5688
340.699,411.6925,25.0,59.0,28834.7663,1479.6589
696.1392,1319.5878,46.0,58.0,93582.7859,7303.248
980.769,1616.4454,48.0,60.0,128537.1794,7303.248
699.9808,1052.4977,27.0,57.0,64837.4069,4645.5615
401.1701,449.8445,8.0,56.0,19008.8828,915.0478
248.4481,288.1987,17.0,62.0,19056.96,763.1086
431.1874,907.8149,40.0,67.0,44708.5123,5171.1714
1458.9774,2872.1301,36.0,60.0,147575.43,10395.9893
1966.5535,3520.0479,31.0,60.0,190730.7371,13572.7324
1241.5341,2297.2173,15.0,69.0,92275.5705,13572.7324
696.0565,730.1866,0.0,72.0,21582.5211,1265.3176
628.4949,650.2841,0.0,68.0,16053.509,979.9925
492.2715,538.0311,8.0,67.0,18822.8639,979.9925
344.3685,449.8841,32.0,67.0,36864.243,2231.2112
337.8347,448.9133,32.0,59.0,35015.1775,2231.2112
296.2678,352.8958,25.0,57.0,21399.1652,1271.595
254.5188,314.7358,39.0,68.0,27652.7974,1271.595
412.1832,654.0548,42.0,66.0,52301.4344,3089.7744
502.8669,756.3779,34.0,60.0,58094.4067,3089.7744
382.2123,518.4287,26.0,61.0,36236.717,2196.4995
286.6967,345.3419,31.0,62.0,28636.8136,803.0071
227.4192,265.0202,39.0,67.0,25087.3402,475.153
214.4122,296.5252,43.0,63.0,27162.1286,1496.4127
322.5826,612.996,41.0,60.0,46410.0133,3003.3528
324.2301,598.2617,38.0,66.0,42148.055,3003.3528
203.8455,258.4375,39.0,70.0,24777.65,782.6171
288.9498,417.681,32.0,66.0,32068.5834,1422.1577
333.3601,472.4577,37.0,66.0,39140.3054,1422.1577
254.2544,356.9857,50.0,70.0,35204.3707,1317.218
216.9789,280.7332,47.0,68.0,27926.4257,870.6094
209.5866,248.1308,41.0,62.0,22954.5118,579.9277
219.6686,266.6624,51.0,64.0,28356.3358,773.5519
251.765,348.7813,53.0,62.0,35562.4292,1941.0381
229.8641,331.1528,51.0,64.0,32126.0315,1941.0381
176.6472,222.1493,50.0,69.0,24557.8052,912.2698
201.2109,245.2009,41.0,69.0,22196.292,840.9061
263.8399,407.5245,43.0,65.0,33262.0057,2559.467
253.9296,400.5478,47.0,68.0,37581.7189,2559.467
193.1348,250.0959,44.0,60.0,25301.4651,1227.9504
211.2608,275.7132,32.0,63.0,24020.6447,1227.9504
275.6626,364.4085,36.0,69.0,32939.734,1869.8416
343.2568,486.2674,43.0,72.0,43062.1585,2454.9539
275.3776,410.3953,38.0,69.0,32365.3146,2454.9539
158.2434,195.6377,45.0,68.0,19199.6923,476.8724
208.4418,332.6367,42.0,67.0,27046.1936,1598.608
549.6215,1046.3157,34.0,60.0,65683.0701,5368.3916
1431.386,2676.5747,35.0,55.0,158852.8955,14516.0293
1345.8486,2530.0833,18.0,62.0,124898.278,14516.0293
524.9397,580.0038,4.0,66.0,23574.8332,1080.8159
356.0372,408.0989,12.0,57.0,22516.9302,788.1591
383.8748,479.3849,26.0,60.0,34224.5234,2036.1917
450.0905,532.7014,27.0,71.0,41030.8121,2036.1917
355.3176,415.4161,19.0,79.0,30259.6598,1109.5754
217.0504,270.5817,30.0,73.0,19224.3154,755.5228
197.3281,265.9122,42.0,65.0,22297.546,1229.3655
181.1948,257.8851,45.0,63.0,22357.5881,1229.3655
175.8163,232.3139,45.0,66.0,23494.3798,870.0969
238.4855,306.1281,43.0,65.0,30325.4932,993.5459
274.5068,366.7625,41.0,57.0,31455.8585,1478.7504
246.8914,331.9604,41.0,60.0,26864.7889,1478.7504
192.0235,247.2113,42.0,58.0,23741.1556,675.1134
231.1609,327.0862,35.0,59.0,29021.9314,1277.8081
225.6153,321.1319,31.0,67.0,24728.6433,1277.8081
160.9904,207.6192,36.0,64.0,16378.4338,722.535
171.5766,234.8136,37.0,64.0,20678.5096,993.0176
174.675,267.683,33.0,64.0,21276.4116,1378.717
170.885,276.2416,39.0,63.0,22791.8328,1378.717
212.2332,315.1147,47.0,71.0,28887.0765,1462.7905
201.5511,273.1064,53.0,72.0,27480.0302,1462.7905
198.6915,233.0081,51.0,63.0,25232.9805,688.9521
242.8509,319.379,40.0,55.0,27167.3848,1513.7135
305.4889,439.0038,50.0,67.0,39633.5679,1860.5712
324.2284,452.5693,57.0,71.0,44926.0993,1860.5712
285.6686,366.4318,44.0,66.0,35798.28,1515.3567
255.0649,328.4934,36.0,67.0,31625.4017,1170.3263
246.3804,333.9582,35.0,64.0,33841.191,1170.3263
216.7933,284.9161,37.0,64.0,28771.1697,913.5461
204.0573,254.2344,32.0,67.0,21114.8698,894.5885
205.9372,251.9512,19.0,66.0,15562.9367,894.5885
177.5548,211.9233,26.0,65.0,15931.8876,515.784
192.5384,254.9013,32.0,62.0,21608.36,1000.1818
207.8775,271.341,26.0,61.0,23214.3502,1000.1818
211.1812,256.7051,33.0,67.0,25267.4318,702.8865
197.6805,238.1801,41.0,73.0,23795.2027,702.8865
173.0275,236.5775,55.0,64.0,24814.237,1083.7648
170.782,235.1485,49.0,64.0,24523.7448,1083.7648
156.8389,200.448,48.0,67.0,20619.5897,670.9911
177.0952,214.8922,50.0,65.0,22384.427,670.9911
193.7092,248.8728,45.0,69.0,23399.0751,1078.7809
283.3185,460.2813,43.0,72.0,35626.3365,2458.626
357.9926,570.4175,39.0,68.0,44476.0968,2458.626
307.6573,452.9387,33.0,64.0,36196.5972,2296.8101
1007.052,2123.8787,30.0,62.0,117330.403,10134.0869
1755.4591,2813.7422,30.0,58.0,196535.3053,10134.0869
1236.6338,1943.6306,25.0,62.0,117990.5384,8853.0381
627.7699,729.3558,18.0,66.0,50644.1245,1547.6382
430.1723,554.5729,21.0,66.0,42646.6199,1473.262
376.8933,500.126,22.0,64.0,39661.8967,1732.9663
424.7333,513.7454,18.0,63.0,35146.3004,1732.9663
404.4139,454.8081,31.0,64.0,34841.0887,1141.5231
504.2921,549.7512,24.0,69.0,31068.3591,917.0605
432.6267,491.8054,12.0,70.0,20290.7135,913.9343
272.2474,467.1071,26.0,66.0,29224.2272,3818.8628
520.9659,1053.7736,35.0,60.0,55529.6171,5520.2637
689.7904,1115.6246,28.0,62.0,62897.2094,5520.2637
490.326,621.8196,13.0,58.0,30480.8963,2588.8062
335.7547,383.8441,26.0,55.0,27211.6454,1025.0969
291.1475,362.6703,40.0,63.0,35010.5264,1168.3263
300.1087,430.8832,38.0,64.0,37218.5431,1765.1296
281.6817,416.7936,44.0,67.0,37397.2145,1765.1296
217.6426,274.3883,30.0,70.0,23110.0884,1208.1337
201.9239,250.6876,28.0,68.0,22308.6526,934.8386
232.6178,323.8926,50.0,69.0,35326.0814,1039.8291
319.551,535.0306,52.0,67.0,44087.8707,3020.9146
302.517,511.1843,40.0,65.0,36117.4199,3020.9146
204.5108,266.6108,37.0,65.0,22784.6888,855.631
167.5542,227.6371,40.0,62.0,19906.4271,755.298
175.7331,241.8549,35.0,56.0,21092.8044,1006.6458
250.147,388.1671,34.0,59.0,26736.9794,1728.7336
276.08,424.2909,36.0,60.0,28772.8293,1728.7336
206.3501,294.993,44.0,55.0,24136.6058,1680.6273
204.7685,271.4246,49.0,58.0,26925.7631,987.9441
202.2445,267.7832,41.0,58.0,25320.3256,987.4348
630.8881,1594.7347,39.0,60.0,84086.4495,10013.5449
769.4524,1622.4523,27.0,70.0,83911.5057,10013.5449
278.606,332.0029,15.0,55.0,18926.0383,1139.9752
563.3194,1216.7739,30.0,61.0,61178.0875,8114.7324
737.14,1313.9603,33.0,62.0,78446.0787,8114.7324
541.7686,658.7471,15.0,68.0,40638.7557,2244.3591
366.8498,597.0157,38.0,69.0,42062.5378,3516.1738
1627.6671,3005.1572,32.0,60.0,170962.659,14312.5996
1839.8788,3027.5129,14.0,61.0,147601.8939,14312.5996
893.1346,907.2793,2.0,59.0,12983.2873,1326.208
739.7711,761.9603,4.0,60.0,12354.5333,1043.8269
510.1601,557.7401,10.0,64.0,20443.2006,1240.3997
417.4998,484.0745,16.0,63.0,28040.6819,1729.6353
366.959,430.37,16.0,58.0,23414.125,1729.6353
272.251,302.3633,18.0,56.0,15049.1469,603.6998
221.8908,252.8742,29.0,63.0,15279.3436,603.6998
218.8427,263.8423,41.0,64.0,25508.4366,964.4684
831.7413,1783.808,37.0,62.0,100960.5288,9684.9746
931.3416,1804.0348,18.0,69.0,94447.6281,9684.9746
329.9559,390.5487,16.0,66.0,18295.1782,788.1782
228.1606,295.4961,32.0,62.0,23491.5732,1217.8931
290.2211,372.0311,40.0,66.0,37591.1177,1230.9119
289.4273,368.8278,34.0,66.0,35275.7449,1242.114
209.5547,270.2878,36.0,56.0,22687.7242,1242.114
225.5193,291.2899,42.0,58.0,23923.9675,1279.0227
239.7618,313.6393,45.0,64.0,29749.5357,1279.0227
256.0154,353.2851,38.0,60.0,30916.6132,1573.9551
273.4545,368.0075,23.0,57.0,26404.9673,1573.9551
228.3523,305.8662,30.0,66.0,22900.6935,1083.0184
224.2111,318.3065,46.0,65.0,31238.1517,1159.0823
230.4138,312.9993,43.0,68.0,31540.6862,1175.1394
201.5923,266.8497,32.0,70.0,23157.0255,1175.1394
213.9749,356.6723,33.0,60.0,21007.0599,1577.4595
1071.627,3121.4617,32.0,60.0,129138.4428,21238.9785
1219.3379,3135.8328,17.0,62.0,123589.3711,21238.9785
592.2009,629.6072,2.0,70.0,19055.8342,1001.4532
461.8913,551.5453,19.0,67.0,27980.4927,2210.3435
401.938,535.098,35.0,64.0,48587.1409,2210.3435
476.884,589.298,38.0,65.0,56814.2229,1804.0231
424.3383,505.7171,27.0,66.0,40634.5323,1276.0227
373.4388,413.876,16.0,71.0,23283.6898,694.0311
306.7551,348.5515,30.0,66.0,21919.6847,694.0311
295.2921,542.0262,46.0,61.0,39891.8289,4303.7065
360.9419,625.7245,44.0,62.0,51318.8621,4303.7065
315.7541,429.941,34.0,61.0,38976.7986,2124.5
277.5144,405.7617,30.0,63.0,29525.7761,2172.0706
260.6065,416.0235,33.0,59.0,25613.813,2172.0706
306.3066,435.6322,44.0,54.0,37498.7002,1510.6814
366.2151,605.3617,43.0,56.0,47363.0011,3984.4138
325.3266,545.8598,27.0,57.0,33809.8473,3984.4138
211.6642,328.6542,46.0,64.0,28283.3261,1628.8845
314.6074,508.9021,36.0,58.0,31677.8397,2112.3374
323.6366,469.4753,19.0,63.0,21693.5446,2112.3374
303.5593,454.2246,36.0,57.0,33950.085,1866.0214
836.1264,1463.0083,37.0,60.0,94666.0733,7262.0825
911.1595,1466.2952,22.0,59.0,79837.0491,7262.0825
360.8833,450.3283,38.0,61.0,39619.7313,2074.7607
327.3147,421.8571,42.0,72.0,41374.9257,2074.7607
333.2208,460.5045,33.0,68.0,34979.1556,1559.5671
426.8381,657.5665,48.0,67.0,54591.7572,3770.9568
1236.561,2283.2302,53.0,58.0,148721.5489,8001.7578
1512.7759,2408.9253,30.0,59.0,154954.7272,8001.7578
772.0627,1019.7991,10.0,63.0,47572.5347,5388.1367
468.9046,534.6279,18.0,63.0,29659.7946,1686.965
528.0648,789.8864,30.0,61.0,48340.9685,3895.0098
1347.6504,2472.8186,40.0,61.0,155611.1634,13274.2256
1451.1986,2450.5117,24.0,62.0,132786.795,13274.2256
653.0593,717.1517,2.0,59.0,16002.423,1184.5442
370.6635,548.5663,32.0,63.0,40331.1281,3132.3042
431.9064,595.4184,34.0,58.0,45085.1888,3132.3042
412.1265,476.1961,21.0,59.0,31994.524,1194.3815
362.2137,446.9691,26.0,61.0,35336.5634,1760.7391
335.1843,442.1569,43.0,66.0,47859.2531,1760.7391
424.1894,696.7324,45.0,62.0,60823.2183,3905.7363
422.252,674.9449,27.0,65.0,46367.8782,3905.7363
206.6911,323.5619,40.0,69.0,24202.5691,1772.0259
520.1295,1048.9705,31.0,71.0,51597.1902,5174.7134
609.6424,1067.9648,21.0,68.0,49491.5201,5174.7134
419.944,461.6533,11.0,63.0,22951.5028,1049.4121
369.9929,464.6794,32.0,61.0,32536.8186,1825.3318
714.1997,1173.2996,41.0,63.0,76509.1689,4599.5117
767.8217,1170.6772,19.0,63.0,62540.8151,4599.5117
292.6754,379.4287,22.0,58.0,26617.149,1904.6537
276.8702,404.2513,34.0,59.0,33153.2945,2142.1597
299.7992,482.6421,33.0,62.0,34433.6622,2541.3777
293.0085,446.7919,29.0,61.0,32373.8041,2541.3777
331.1894,456.602,38.0,60.0,39177.4093,1996.5332
449.1077,727.6081,49.0,68.0,59571.4881,3632.8198
492.0557,786.7087,46.0,65.0,63336.2495,3632.8198
488.9301,797.8601,31.0,57.0,52944.3444,3580.9734
416.5229,681.7878,14.0,63.0,34554.4944,3580.9734
299.4186,399.9699,22.0,66.0,24406.3316,1930.8196
298.9432,408.0372,32.0,72.0,33617.0119,1930.8196
316.4067,424.1832,39.0,75.0,40889.3215,1758.6473
281.8516,452.4217,47.0,64.0,37617.5049,1785.2773
252.1267,381.0917,40.0,62.0,29388.8192,1785.2773
259.5869,335.7438,34.0,64.0,30494.5311,1466.4065
314.7276,458.3279,35.0,63.0,38063.2337,2168.116
414.054,659.5789,43.0,61.0,54615.3641,3048.686
345.6488,573.2025,42.0,57.0,45396.0192,3048.686
265.5034,366.3296,41.0,63.0,31996.9241,1597.1531
341.584,489.9995,41.0,67.0,42947.821,1959.1575
407.9788,634.0219,37.0,62.0,50687.2988,3809.5159
354.755,556.3596,28.0,57.0,38036.5127,3809.5159
295.3329,357.08,22.0,58.0,24858.8203,1180.9227
312.0688,423.4271,37.0,63.0,36627.1993,1571.4902
307.5647,460.1437,50.0,62.0,46312.1179,1571.4902
264.6491,380.1528,48.0,61.0,36408.7363,1526.4065
237.1024,283.7648,33.0,62.0,23712.1198,576.4586
295.6173,396.0039,38.0,61.0,32730.7896,1305.4026
305.1681,453.1748,42.0,61.0,41217.8546,1422.9246
265.2597,395.7888,40.0,66.0,37199.3635,1422.9246
304.1072,421.0599,38.0,68.0,35433.1225,2197.8994
351.5748,600.1918,34.0,67.0,39454.9406,4443.8813
307.0977,567.9972,40.0,69.0,42362.2446,4443.8813
265.7839,409.2835,37.0,66.0,35587.6185,1872.7406
280.3874,402.4826,31.0,62.0,29336.9155,1872.7406
470.3732,956.1458,39.0,61.0,58103.1046,6252.3682
601.0687,1261.2546,51.0,68.0,85198.8859,6780.0688
416.5192,895.4128,42.0,68.0,53148.4425,6780.0688
579.0582,945.8516,38.0,61.0,69590.1313,3951.4761
834.9697,1642.152,37.0,64.0,112547.1808,12583.0996
571.4836,1404.5114,31.0,62.0,77126.0533,12583.0996
763.5874,1382.0161,32.0,68.0,90945.8821,6732.9761
874.9808,1464.5112,30.0,67.0,101907.0429,6732.9761
446.0256,655.3109,34.0,59.0,53191.4421,4298.8125
618.4786,947.5369,45.0,60.0,83349.3817,3937.6265
734.7087,1012.4326,37.0,64.0,85155.5126,3937.6265
465.6778,569.3879,28.0,63.0,41037.0333,2250.6909
753.699,1514.0582,34.0,61.0,85622.4966,10537.0176
835.2745,1539.4153,32.0,61.0,90000.2608,10537.0176
589.8839,855.5529,41.0,62.0,70161.5483,4952.8926
899.7085,1485.624,45.0,60.0,122458.2282,6178.7974
887.0692,1398.6512,38.0,57.0,111672.0998,6178.7974
675.8008,924.4214,51.0,67.0,90037.6919,4315.0244
719.2513,959.9647,36.0,70.0,81427.7175,4315.0244
602.1038,790.1562,23.0,60.0,52448.835,3806.8965
864.2587,1375.1707,35.0,57.0,107189.105,5835.9824
1140.1251,1705.724,32.0,60.0,130860.5332,5835.9824
827.2655,1255.8882,34.0,55.0,81818.6152,5368.3594
650.1119,861.1487,30.0,62.0,70903.7576,3526.0781
627.7874,810.5998,24.0,63.0,64276.9312,3526.0781
642.1719,952.3807,30.0,57.0,70617.3372,5146.0376
620.0216,928.9163,31.0,57.0,64460.4536,5146.0376
456.7174,511.7554,30.0,59.0,42203.2843,1131.0762
442.2891,576.938,32.0,59.0,48675.8618,2628.1211
565.3985,748.7055,32.0,61.0,63287.52,3082.3813
569.0756,751.5149,27.0,61.0,59890.3508,3082.3813
452.0756,615.8456,29.0,59.0,47205.6387,2522.9175
469.7733,642.6247,30.0,58.0,49739.1419,2801.907
598.1452,875.3138,33.0,53.0,70261.46,3980.2363
603.8042,930.5649,37.0,56.0,70811.8337,4892.4297
669.8014,1169.51,36.0,68.0,67168.9562,5067.8398
833.9062,1514.3118,34.0,70.0,90680.2985,6735.1865
671.8349,1205.3499,20.0,69.0,72348.0649,6735.1865
466.4178,525.0276,2.0,62.0,22728.8734,1869.592

168.7101,245.3058,39.0,53.0,18687.5098,1034.9857
266.8526,389.7999,33.0,57.0,27624.8523,1567.6917
419.0729,647.735,24.0,61.0,42291.4153,2639.2988
488.3684,699.1256,27.0,61.0,52871.3628,2639.2988
1523.8654,3405.5471,26.0,57.0,159858.1514,15477.7314
1631.1235,3424.1558,13.0,62.0,145446.5344,15477.7314
537.7621,655.4643,19.0,59.0,27765.1514,1497.2363
323.1009,426.681,28.0,60.0,31022.3652,1497.2363
475.3799,623.2623,29.0,62.0,44972.9312,2029.9934
641.3933,784.624,37.0,57.0,66119.8955,2290.4607
542.3561,707.7397,42.0,65.0,68389.1467,2605.9175
553.6996,681.4711,23.0,62.0,46153.759,2605.9175
577.6751,702.4034,7.0,51.0,32261.5024,1965.3101
572.8611,816.4359,15.0,56.0,47750.2026,3372.374
601.2216,853.7783,34.0,57.0,65531.1118,3372.374
560.3188,738.8523,42.0,56.0,67209.7539,2452.6948
634.8862,770.0386,30.0,58.0,49179.5591,2452.6948
569.3533,680.1501,27.0,59.0,33926.1753,1457.1189
402.3808,498.9351,30.0,58.0,38631.9395,1177.6208
475.9268,600.4033,32.0,59.0,47247.7185,1994.9336
679.4717,953.7577,34.0,59.0,64209.1653,4289.0156
760.3582,1002.0458,24.0,59.0,62464.9626,4289.0156
651.3774,805.869,22.0,61.0,45973.9468,2240.0613
622.2558,823.1863,23.0,64.0,48737.604,1971.116
604.8004,758.4466,16.0,72.0,50655.2102,1897.032
600.5391,723.4244,22.0,67.0,54559.1987,1858.1382
535.7402,653.5944,23.0,59.0,46669.3818,1858.1382
516.205,662.761,15.0,57.0,36074.5564,3072.8374
672.7751,861.1179,10.0,54.0,47980.644,3072.8374
582.74,757.9103,22.0,57.0,48205.0022,2272.6064
537.4327,810.5569,37.0,60.0,56124.5815,3307.2117
729.4693,961.0362,24.0,62.0,51005.9202,3307.2117
642.7179,799.4326,25.0,66.0,45384.5139,1847.2971
512.4561,665.7768,35.0,67.0,52286.2871,1847.2971
713.8044,848.112,24.0,63.0,49458.8706,1699.1067
897.5228,992.88,14.0,60.0,49074.6821,1699.1067
671.7891,795.3368,20.0,58.0,41050.208,1511.2122
525.6195,711.1192,25.0,60.0,53465.9131,2576.0879
565.4131,819.4473,32.0,67.0,65966.2173,3322.5742
683.9015,974.7774,43.0,62.0,82693.5007,3325.699
804.5499,1008.0387,30.0,61.0,75555.7346,3325.699
646.9284,783.5544,32.0,69.0,55943.3015,2048.7036
450.2595,582.5052,47.0,62.0,55316.9458,2048.7036
586.0436,852.4039,42.0,59.0,70695.1938,3959.5852
616.7096,864.3167,34.0,58.0,63347.5378,3959.5852
397.7808,492.2585,41.0,59.0,37940.4629,1235.094
426.117,527.2028,30.0,65.0,39025.1274,1235.094
516.2165,665.4818,9.0,63.0,41287.3218,2463.0957
493.4118,667.6194,25.0,59.0,48902.8772,2463.0957
536.6037,654.6129,30.0,55.0,40193.3896,1926.9087
623.3525,757.2809,13.0,61.0,33315.6719,2285.3518
570.204,755.6089,27.0,64.0,47634.0188,2339.2991
551.0737,676.525,38.0,58.0,52078.179,2339.2991
530.7778,605.268,30.0,58.0,42271.5737,1075.2705
477.5102,616.0597,30.0,55.0,43983.3774,2666.3889
560.1227,738.2719,25.0,53.0,53226.3755,2666.3889
632.3979,841.1636,22.0,53.0,55456.7144,3255.5803
1087.6035,1679.2743,37.0,55.0,115500.3574,8675.3281
1069.5189,1626.2281,27.0,59.0,102589.9478,8675.3281
513.1702,578.3724,26.0,61.0,43126.8274,1302.9265
480.266,601.9183,33.0,67.0,49718.3276,1732.7722
560.3381,724.2079,26.0,62.0,52033.7983,2024.9355
514.1796,645.5331,33.0,54.0,49235.9775,2024.9355
431.0116,508.5298,32.0,60.0,41367.4868,1134.9849
501.2515,656.7677,32.0,64.0,49453.6514,2615.8325
622.5019,778.5057,26.0,63.0,50787.4519,2615.8325
747.5316,828.8067,11.0,65.0,43961.3843,2432.8738
712.9233,788.4171,11.0,60.0,38337.1572,1267.9797
618.0551,699.1443,10.0,59.0,32806.2092,1229.4949
492.1772,585.8948,23.0,60.0,38304.9827,1223.7759
422.5789,544.9,36.0,54.0,44406.8792,2621.0266
556.7212,663.3637,21.0,59.0,37118.469,2621.0266
571.9197,693.2841,20.0,63.0,36119.3511,2122.5872
560.0184,737.0684,27.0,59.0,52234.7971,2177.2932
928.8893,1370.8615,27.0,54.0,90023.0881,5920.9736
1086.6973,1580.6691,27.0,63.0,101131.2271,5920.9736
734.4954,1065.1127,19.0,62.0,54936.207,5177.5859
568.8633,742.2554,26.0,55.0,46313.1294,2900.9868
603.7275,884.8565,40.0,54.0,61985.1655,3526.0237
851.5236,1383.7722,35.0,59.0,92640.3005,6057.9551
802.657,1291.1969,27.0,63.0,82010.4929,6057.9551
501.0792,624.2028,31.0,64.0,47580.2834,1558.5708
514.9597,665.6789,40.0,63.0,57569.637,1599.9097
499.5941,710.592,41.0,54.0,58182.8748,3074.4097
559.144,800.4886,38.0,56.0,65923.1853,3074.4097
545.3453,727.1443,37.0,56.0,62239.6133,2797.0706
539.5106,765.1285,43.0,51.0,63027.0603,2577.0449
678.6165,932.4653,39.0,54.0,67834.603,2728.9299
559.9208,753.4825,41.0,59.0,59717.123,2728.9299
483.039,593.882,44.0,59.0,58379.5581,1300.9175
543.1199,650.9189,42.0,61.0,66000.8303,1383.2173
563.1665,704.0419,46.0,60.0,70485.6121,2125.7642
536.7072,697.6718,44.0,56.0,68347.3677,2263.3616
451.2266,576.4526,41.0,61.0,57650.8765,2263.3616
461.7797,581.3193,36.0,70.0,50852.1729,1644.5063
124.1003,151.8214,18.0,61.0,7763.0573,371.1721
78.8605,98.596,34.0,61.0,7008.6992,259.6763
73.8374,90.403,40.0,55.0,7174.1034,198.9706
91.8413,120.6652,35.0,56.0,8976.0812,497.079
201.8196,302.8758,37.0,54.0,21021.562,1350.6874
331.6706,439.3163,46.0,53.0,41704.8552,1480.37
740.056,1354.2097,41.0,59.0,86009.84,8084.3223
749.693,1356.3481,31.0,53.0,75003.6241,8084.3223
520.3313,859.9284,36.0,51.0,55537.6566,6124.5469
537.2028,866.6999,34.0,57.0,60664.2982,6124.5469
504.8208,655.2473,38.0,59.0,55350.533,2011.0344
497.7898,649.4776,39.0,58.0,54869.476,2011.0344
348.0925,436.375,37.0,60.0,39318.1412,1342.019
555.6242,821.0538,41.0,62.0,68362.0963,3342.4937
647.9937,877.4524,41.0,52.0,79157.395,3342.4937
510.98,657.4402,45.0,52.0,63254.0205,2827.1765
474.2884,651.356,50.0,62.0,65947.8647,2827.1765
469.3147,606.7846,49.0,61.0,59809.5996,2004.418
498.2052,612.2181,42.0,55.0,55988.0369,1753.3889
538.947,732.4937,34.0,57.0,55687.741,2566.4175
571.6791,785.0539,33.0,56.0,57129.2922,2701.9617
455.7632,602.6295,36.0,61.0,50281.8691,2701.9617
454.1061,570.1774,38.0,61.0,53637.4165,1789.2874
448.3705,564.5069,41.0,54.0,52522.4204,1640.7207
489.494,678.9683,41.0,56.0,55048.0188,3023.9541
459.9385,651.9387,46.0,60.0,55977.3374,3023.9541
376.9378,502.5529,47.0,57.0,51032.0261,1821.1133
713.5715,1094.7018,39.0,53.0,82230.2688,4689.1064
707.2708,1075.1301,39.0,57.0,77236.2839,4689.1064
527.7682,718.5518,40.0,59.0,60964.0745,3301.2561
515.2399,712.3561,43.0,58.0,59471.3738,3301.2561
547.9189,870.7424,41.0,57.0,65728.6792,5676.4023
558.8636,879.4686,36.0,57.0,66662.4932,5676.4023
603.2567,767.7494,37.0,55.0,64895.2964,2671.4575
706.1386,875.9298,39.0,56.0,75549.3291,2671.4575
606.4569,788.8837,40.0,62.0,72613.6375,2636.8828
545.7827,703.8798,38.0,59.0,65492.2231,2636.8828
554.255,713.1813,44.0,53.0,62911.8621,2075.3411
606.59,797.5029,43.0,51.0,72103.572,2334.4326
580.8686,760.0939,40.0,45.0,68102.9226,2515.9773
553.0725,706.1289,44.0,49.0,62479.6929,2515.9773
535.1154,654.7527,45.0,53.0,60143.594,1704.5125
628.3267,772.4174,41.0,48.0,66020.9697,2725.1956
611.3583,794.2845,42.0,54.0,72807.6919,2725.1956
477.8964,615.2968,40.0,54.0,58690.1667,2313.8584
506.4405,604.5459,38.0,50.0,52663.2278,1714.7935
572.8994,705.325,37.0,58.0,63803.197,1881.4521
643.65,832.9423,38.0,55.0,70965.8232,3066.2461
654.7256,971.4968,34.0,51.0,72272.458,5088.3218
545.5859,835.5324,29.0,58.0,56232.4709,5088.3218
547.8174,691.612,38.0,60.0,62899.4395,1982.0242
632.8135,782.6082,40.0,59.0,74812.377,2266.7544
576.2912,724.7631,40.0,56.0,66717.9597,2266.7544
460.4997,587.8502,32.0,52.0,45193.7668,2174.533
440.7521,548.6091,31.0,54.0,42035.7354,1778.9988
499.8071,618.252,37.0,56.0,55124.3857,1778.9988
612.2084,843.9266,41.0,58.0,71574.7913,4046.6619
573.9597,817.4188,40.0,60.0,64131.9026,4046.6619
510.4492,647.3918,35.0,50.0,52152.5212,2176.5657
614.4661,766.1514,37.0,47.0,68892.0,2795.7
788.4184,1009.9587,37.0,56.0,87014.1819,2795.7
837.0208,1081.4562,32.0,51.0,80917.5657,3213.5593
657.3937,831.5543,32.0,52.0,58243.2839,3213.5593
654.3854,795.0394,29.0,52.0,55197.2388,2499.6296
1497.2603,2440.0972,31.0,50.0,133397.1714,8618.876
760.9655,878.9009,23.0,52.0,46600.3335,1767.7388
812.363,1303.4385,26.0,51.0,64008.9377,9222.8096
778.4033,880.895,14.0,58.0,45686.3083,1647.5564
933.4299,1331.4026,19.0,58.0,63440.9604,6342.1284
782.6624,895.454,24.0,58.0,51949.0117,1881.0474
688.1044,785.7193,25.0,55.0,57051.6541,1495.4028
813.4857,925.0101,11.0,58.0,50565.8892,1958.7236
696.2461,842.353,15.0,53.0,54437.7117,3072.3684
872.963,1180.1594,33.0,53.0,83778.6165,4661.0898
830.2265,1114.4761,33.0,58.0,73543.1543,4661.0898
603.0429,680.5917,21.0,59.0,43368.9165,1868.2473
615.7938,702.8439,36.0,58.0,61047.2478,1868.2473
850.1052,1324.7557,43.0,55.0,95138.1917,6979.084
831.1003,1317.6475,33.0,51.0,85828.4546,6979.084
517.0754,615.6216,37.0,53.0,49131.2778,1815.3826
560.2455,707.2495,35.0,56.0,54681.0579,2447.2358
682.2187,872.28,40.0,59.0,72036.4998,3126.644
675.302,950.5263,39.0,52.0,69152.0933,3581.1479
654.73,882.2092,24.0,44.0,50413.4106,3581.1479
596.9135,695.119,30.0,57.0,50564.5376,1498.5671
529.7951,637.8468,36.0,60.0,52974.4054,1958.7021
667.4509,879.2586,42.0,61.0,76923.2289,3882.0244
742.3574,926.1621,33.0,60.0,72983.059,3882.0244
524.321,656.0703,27.0,54.0,43050.6021,2019.1553
431.0808,552.2187,36.0,52.0,46135.4135,2019.1553
573.7834,822.9615,39.0,53.0,65617.4285,3261.1387
592.7257,833.9134,37.0,58.0,65848.3707,3261.1387
525.0887,666.4814,35.0,51.0,47802.9276,2022.9449
540.6603,710.2177,44.0,49.0,60617.4362,2022.9449
608.694,798.8381,48.0,58.0,78319.6379,2902.5059
515.1004,707.8251,37.0,56.0,63040.05,2902.5059
807.4212,1095.2635,14.0,52.0,45994.2932,3484.0071
933.0483,1235.3807,24.0,58.0,60027.5475,3484.0071
682.67,1029.1888,43.0,61.0,80157.9653,4013.5017
608.3685,890.6997,35.0,57.0,68567.4309,4013.5017
536.7161,652.7123,19.0,62.0,39577.3083,2015.8792
629.1941,769.8929,17.0,57.0,48200.8096,2121.1113
837.1838,1165.1284,26.0,53.0,79487.5422,5904.21
694.6618,1075.2615,32.0,55.0,69269.8811,5904.21
372.1028,491.927,26.0,60.0,35690.1223,1828.2222
545.131,705.7391,23.0,54.0,49489.9055,2139.626
638.2715,809.7756,37.0,51.0,70398.9492,2579.4568
427.4135,584.252,33.0,58.0,51299.0786,2579.4568
316.901,403.1314,28.0,58.0,33423.134,1240.7827
476.257,629.1601,33.0,50.0,53455.293,2644.2485
570.8469,722.4848,37.0,49.0,69468.8223,2644.2485
491.2433,646.6769,32.0,58.0,56400.991,2927.342
470.638,642.8384,38.0,61.0,49942.1177,2927.342
594.705,736.889,43.0,58.0,65899.2,1884.6892
643.1127,796.5911,45.0,58.0,78875.7166,2167.4321
623.47,853.5355,42.0,52.0,82111.4871,3151.8599
851.5806,1435.8878,35.0,51.0,94168.0481,7796.4497
813.4483,1382.9292,36.0,55.0,87520.2483,7796.4497
722.2785,950.5836,40.0,51.0,79895.3782,3194.8831
765.6175,993.1794,42.0,51.0,84550.5574,3194.8831
551.4157,700.6,39.0,58.0,62684.5286,2320.8735
453.7764,560.5408,43.0,58.0,53873.9038,1551.3743
451.0027,606.808,41.0,55.0,54202.9956,2304.0559
612.4271,884.3456,40.0,57.0,72448.3926,4071.7229
602.1938,850.2499,51.0,66.0,77762.0415,4071.7229
388.2117,493.9062,51.0,64.0,51610.469,1404.2383
481.3503,623.1497,34.0,51.0,46634.0645,1600.4238
571.0648,729.6163,39.0,58.0,61367.2654,2407.8569
531.2277,694.1341,42.0,71.0,64100.0688,2407.8569
455.7133,593.1006,32.0,62.0,49423.9436,1797.2092
611.975,850.3362,39.0,54.0,67389.5491,3378.5935
875.5423,1073.3304,33.0,51.0,86488.2502,3378.5935
794.2703,928.5063,24.0,50.0,67937.3904,2071.782
667.8606,780.4591,27.0,54.0,56441.4431,1952.4243
742.3141,879.9359,38.0,57.0,80820.3687,2098.4744
700.6973,861.1432,42.0,55.0,86579.4675,2098.4744
454.0007,594.791,47.0,57.0,57487.7354,1925.0146
599.0103,858.5532,35.0,56.0,58440.3501,3063.7485
841.9947,1065.5396,30.0,50.0,82577.3367,3063.7485
965.4726,1270.2437,32.0,51.0,96935.156,3725.9971
920.6854,1267.0103,26.0,52.0,85177.8333,3832.1938
581.9024,815.0989,36.0,58.0,57448.2466,3832.1938
574.9053,761.9827,35.0,59.0,64066.4849,2278.2524
1454.5237,2282.949,37.0,53.0,155709.0608,8763.3984
1675.9133,2369.8467,27.0,59.0,139009.3931,8763.3984
1453.2965,1558.5194,5.0,65.0,45111.3225,2566.8679
1180.9374,1390.4861,17.0,63.0,48601.2339,2566.8679
770.6337,1067.2762,36.0,63.0,81192.1641,5981.6816
723.6835,1015.494,40.0,58.0,84294.1201,5981.6816
532.2146,643.498,38.0,54.0,59330.6975,1400.2605
644.0704,794.3911,36.0,57.0,65796.2783,2535.7639
987.5163,1509.6548,35.0,49.0,93713.4941,7784.292
937.9304,1478.5002,28.0,52.0,89678.7153,7784.292
580.0334,753.7114,32.0,57.0,59017.5613,2190.8953
493.6378,643.0424,37.0,50.0,54254.969,2190.8953
576.1467,746.4219,47.0,54.0,70038.1792,2222.5044
505.0927,690.9089,46.0,61.0,63736.2209,2222.5044
447.1558,601.0023,33.0,59.0,45699.9929,1830.5425
578.0386,763.6194,32.0,57.0,61921.9089,2626.9133
683.1121,909.4384,32.0,55.0,75487.6563,2962.6785
649.0045,861.1356,35.0,58.0,74930.7488,2962.6785
625.1743,832.2902,37.0,51.0,73366.2244,2845.0164
714.3889,907.0872,37.0,52.0,81197.6985,2845.0164
752.517,950.8249,40.0,59.0,83544.7913,3677.1917
640.8781,847.063,41.0,57.0,67068.0996,3677.1917
492.7736,618.3901,40.0,55.0,58396.6184,1923.4751
661.7775,879.5681,39.0,56.0,74028.1538,3152.3462
760.1934,1021.478,36.0,54.0,81761.9885,3573.8535
539.2604,767.297,39.0,60.0,63850.1782,3573.8535
587.4951,752.3358,37.0,55.0,60841.9421,2015.6338
788.8719,955.6397,34.0,53.0,74575.9778,2015.6338
863.0929,1030.6915,36.0,54.0,85771.3774,2107.5393
791.2833,962.6655,28.0,53.0,71710.5234,2364.9824
547.5139,703.9594,30.0,52.0,54066.6003,2364.9824
583.5378,742.4514,44.0,52.0,71758.4109,2223.2598
978.6659,1271.2257,42.0,49.0,113676.4548,3889.3486
984.681,1245.5415,23.0,59.0,92263.7756,3889.3486
671.9165,761.8744,21.0,64.0,50417.4771,1608.8796
619.89,778.8126,39.0,60.0,67408.217,2358.9839
755.9075,1027.8704,44.0,60.0,89859.9189,3076.5945
635.5036,918.6102,42.0,63.0,72362.0283,3076.5945
429.296,565.9869,47.0,62.0,53411.248,1802.6035
934.022,1803.1962,54.0,59.0,108952.8901,8156.1816
1603.955,2427.6433,44.0,59.0,165356.7588,8156.1816
1256.0908,1775.9539,27.0,58.0,112619.519,7972.8545
782.6616,1011.2208,27.0,57.0,70808.552,3978.8889
1248.8586,1886.9729,34.0,54.0,130445.6448,8571.1924
1303.1626,1870.6604,26.0,54.0,115869.1289,8571.1924
757.1757,924.3507,17.0,59.0,56520.062,2262.1243
729.9799,952.5888,29.0,55.0,63523.5183,3279.3894
1521.6204,2380.7544,35.0,51.0,131655.6675,9749.627
1450.5597,2377.0239,27.0,58.0,122778.2983,9749.627
689.5893,1003.303,25.0,57.0,55620.9451,5108.2754
966.4711,1266.5195,31.0,53.0,88138.075,3680.7175
1506.1027,2027.3153,30.0,48.0,132991.4158,9036.6152
1187.2657,1777.2043,27.0,49.0,104524.1008,9036.6152
735.289,887.0724,32.0,56.0,69040.3987,2562.0591
794.767,989.4225,33.0,59.0,83123.9224,2759.2317
1015.4151,1368.549,27.0,54.0,99827.7473,5175.9424
793.7851,1206.8875,24.0,54.0,69970.7019,5175.9424
549.9975,734.9908,25.0,55.0,47572.063,2316.2507
694.0115,899.4935,32.0,49.0,67639.2568,2316.2507
836.6005,1123.5398,33.0,54.0,87667.3794,4657.8398
792.0634,1092.7813,35.0,63.0,91856.9595,4657.8398
618.5893,787.1748,37.0,59.0,72263.4885,2292.3081
812.73,984.3669,38.0,56.0,82028.1328,2376.3848
905.0912,1067.8229,34.0,56.0,84421.1597,2376.3848
725.1852,873.8359,32.0,56.0,65100.6157,2037.9124
718.1914,911.1588,31.0,55.0,63184.2441,2281.7412
876.8074,1113.3446,29.0,57.0,77246.0393,4154.0752
1191.5265,1805.699,34.0,58.0,112990.7578,9137.4844
1161.5536,1824.1586,29.0,54.0,109677.5747,9137.4844
1008.1216,1304.521,27.0,48.0,85466.6001,4539.6421
1125.489,1331.3817,20.0,51.0,85996.2161,3205.9363
1087.424,1290.9364,19.0,57.0,93091.3491,3320.9438
898.2766,1111.0072,33.0,58.0,94950.4004,3320.9438
1027.8859,1341.219,28.0,54.0,92650.3999,4704.5596
1019.3665,1357.1202,34.0,52.0,97899.5608,4704.5596
822.7801,1067.7661,43.0,56.0,102871.678,3339.855
827.6727,1057.4244,37.0,56.0,95770.4558,2999.1609
911.8298,1121.162,40.0,52.0,100753.6746,2583.3643
994.4583,1175.2223,40.0,54.0,102776.5623,2583.3643
955.0311,1222.3873,42.0,55.0,103046.9346,4241.0
871.845,1146.3732,47.0,56.0,102522.2258,4241.0
806.5995,969.4832,42.0,57.0,93860.2764,2310.0391
868.7883,1097.0432,29.0,55.0,91579.2563,3581.2715
840.9011,1149.5024,31.0,55.0,97534.8777,4293.5566
668.6705,939.8557,42.0,62.0,83884.5715,4293.5566
729.5433,909.0777,36.0,55.0,67895.3284,2948.7593
936.8838,1089.2736,26.0,50.0,72014.4812,2948.7593
884.5153,1025.3756,22.0,54.0,67728.9939,2205.7229
704.7983,875.248,32.0,54.0,70668.9724,2778.2119
621.1047,784.4439,35.0,53.0,66434.0581,2778.2119
832.5207,1146.5564,37.0,52.0,79524.6677,4785.8096
1015.5297,1280.2327,34.0,51.0,88587.4136,4785.8096
814.3536,962.3301,32.0,54.0,69821.8293,1954.5139
612.0446,773.6682,36.0,51.0,57867.8176,2260.4082
823.0759,1125.5367,35.0,53.0,82266.6794,5084.0693
933.4891,1200.9565,29.0,58.0,88953.262,5084.0693
887.5801,1023.0919,28.0,54.0,79719.2568,2160.3691
793.9225,945.9896,41.0,56.0,87460.7888,2351.509
782.3357,1076.0342,42.0,58.0,94027.8167,4992.9902
602.8049,935.6946,42.0,56.0,72826.2622,4992.9902
319.3155,431.4173,45.0,63.0,40700.1367,1747.9973
632.0084,939.6415,45.0,61.0,80344.6013,3701.4358
824.6914,1132.564,46.0,61.0,103806.2681,3701.4358
691.8298,896.0609,28.0,66.0,63912.8064,3509.5474
654.6586,824.4688,25.0,58.0,51718.1211,2615.2717
798.4987,1136.67,35.0,51.0,81810.6948,4887.917
863.6433,1203.41,39.0,55.0,107149.3704,4887.917
532.4213,772.4595,38.0,59.0,71216.0752,3386.9683
529.7728,899.6094,29.0,53.0,54289.4927,5406.8643
813.3871,1195.2562,40.0,51.0,87148.5825,5406.8643
922.2516,1202.8077,38.0,63.0,90834.6694,4052.4316
696.4819,945.7158,24.0,67.0,60096.0322,4052.4316
561.652,686.9612,27.0,62.0,46285.9297,1572.6216
716.9811,863.0441,35.0,57.0,70420.5989,1847.7393
755.8124,927.9905,29.0,50.0,71242.6287,2601.4148
686.6713,853.7106,22.0,52.0,56272.3428,2601.4148
851.3948,1182.5861,33.0,49.0,83511.5461,4712.6475
1030.0715,1422.3146,39.0,51.0,115526.2905,4712.6475
897.5299,1203.8562,43.0,53.0,112207.9075,3854.3267
780.1236,968.3322,42.0,55.0,91581.4324,2957.9412
850.6086,1073.0156,40.0,56.0,95609.3333,4439.2637
1554.3556,2420.6521,38.0,54.0,163908.6238,9638.9932
1865.7009,3315.5828,32.0,59.0,182669.7112,14317.2754
1203.7147,2526.1594,25.0,57.0,105847.1733,14317.2754
918.4469,1113.8297,35.0,55.0,89175.7095,2528.3242
1157.8877,1584.2297,37.0,62.0,125019.2788,7011.5874
1232.5251,1754.0991,30.0,59.0,132210.6646,7011.5874
1066.0878,1486.546,35.0,56.0,111634.7271,6851.8838
854.1973,1151.0701,37.0,56.0,83815.4883,5735.0645
866.6437,1082.9929,33.0,55.0,73941.4514,2580.0942
1228.1316,1467.271,26.0,53.0,94233.5198,2921.697
1237.9058,1451.2828,24.0,50.0,93506.5205,2921.697
1043.9702,1317.1403,37.0,56.0,103006.4036,4726.666
981.8803,1267.4976,39.0,56.0,101921.8757,4726.666
749.7706,940.2849,36.0,58.0,72879.3794,2786.4238
663.0657,837.44,36.0,63.0,70831.6279,2443.1833
885.293,1314.5276,35.0,63.0,97563.8721,6928.04
1072.3828,1516.1129,26.0,59.0,90376.5632,6928.04
1009.8788,1236.6123,15.0,56.0,65245.9668,4172.1738
1101.7789,1282.7656,27.0,59.0,96890.4678,4797.6299
958.822,1205.199,40.0,61.0,105960.4019,4797.6299
774.8484,1053.033,39.0,58.0,86582.0164,4901.4062
910.4806,1239.7531,44.0,59.0,101214.7283,4901.4062
844.3736,1133.7863,48.0,64.0,107035.1167,3873.7026
1046.4973,1426.0397,36.0,56.0,119903.3723,5832.627
1007.6826,1402.0974,27.0,50.0,104306.6204,5832.627
928.8428,1253.8453,31.0,48.0,97267.8655,4283.8901
1110.3726,1499.551,33.0,51.0,117304.8606,5582.7217
1064.4803,1483.051,31.0,53.0,115111.7471,5582.7217
1004.5112,1309.2925,34.0,55.0,113228.5876,4652.7446
748.1178,944.5461,41.0,57.0,93303.0676,2835.627
225.1681,246.2615,38.0,74.0,19677.8451,539.9935
252.1507,286.6901,44.0,77.0,25578.9755,722.328
284.0719,362.6054,55.0,68.0,37338.344,1363.9856
328.5328,427.7135,53.0,69.0,43004.2559,1363.9856
377.1264,517.1088,48.0,72.0,46508.2146,2258.4385
372.603,506.6782,35.0,70.0,41093.0782,2258.4385
309.4087,380.0765,37.0,63.0,32031.0559,1211.9592
277.4725,346.8113,45.0,62.0,33049.4614,963.149
307.5445,388.6534,43.0,61.0,36840.4225,1373.0157
317.5475,425.4186,43.0,58.0,38674.9175,1857.4113
381.6721,535.8168,46.0,60.0,43891.6022,1857.4113
413.8533,531.2585,38.0,59.0,41410.4863,1724.5914
380.0676,483.1442,29.0,57.0,36691.3261,1703.7102
381.926,505.8181,40.0,56.0,43371.2707,1703.7102
476.8367,683.8122,37.0,55.0,49760.5271,2698.7112
813.3441,1367.5662,24.0,53.0,71655.1749,7186.936
711.2919,1274.0963,28.0,57.0,62322.849,7186.936
516.0751,714.4234,39.0,58.0,52780.4565,2395.2737
614.0221,852.7691,42.0,56.0,70041.0598,2395.2737
667.8744,1007.4098,38.0,53.0,80195.4417,4120.9746
706.0116,1043.9344,35.0,53.0,74904.0439,4120.9746
662.7056,833.6893,22.0,60.0,48059.9351,3514.7083
590.5369,714.1907,31.0,63.0,49079.0767,1538.604
590.7827,787.4331,48.0,61.0,72794.9504,3452.9705
684.4169,966.0083,44.0,65.0,86122.5571,3850.4338
614.319,855.8926,36.0,69.0,68131.6096,3850.4338
487.7443,593.5323,26.0,65.0,44009.4854,1237.3862
558.1868,736.1558,32.0,57.0,53296.3303,2282.6172
556.8405,767.024,46.0,59.0,66867.0049,2282.6172
513.572,772.1713,46.0,62.0,64879.2366,3531.0977
577.588,785.5736,22.0,53.0,48261.2734,3531.0977
479.0982,575.9951,23.0,57.0,39104.8193,1309.0918
428.1674,541.0856,43.0,59.0,53124.8682,1693.6028
491.6981,611.5353,36.0,54.0,55450.8442,1693.6028
428.0106,531.6685,27.0,59.0,39200.7192,1436.9673
353.4646,424.7986,32.0,63.0,35354.3689,932.2034
442.7884,539.2834,41.0,59.0,52441.156,1625.583
520.074,667.3793,37.0,56.0,58506.8237,2325.6592
418.1279,594.4477,32.0,57.0,51318.739,2325.6592
456.5266,629.7751,36.0,61.0,60676.6548,1824.1843
531.355,703.4208,42.0,61.0,65836.5718,2023.5745
488.0567,655.5368,44.0,65.0,63362.3813,2328.5164
490.9211,681.7383,40.0,70.0,69929.7625,2388.3062
435.1509,609.5352,37.0,61.0,53633.2642,2388.3062
377.6497,482.6941,33.0,59.0,42164.1401,1553.3875
410.6078,528.1966,41.0,69.0,56294.8572,1594.3638
487.0681,717.6924,40.0,61.0,61775.0757,4062.0808
523.9647,852.588,38.0,51.0,62550.7754,4062.0808
509.7226,757.5006,33.0,57.0,56869.4419,3832.4272
495.54,634.3098,35.0,59.0,57019.092,2290.7957
520.8679,656.4439,45.0,56.0,66161.6555,2290.7957
520.0578,647.2548,39.0,54.0,62978.6709,1921.9761
540.8023,661.6104,39.0,54.0,58933.5779,1921.9761
456.4758,570.1558,37.0,56.0,45960.5549,1250.8765
492.7238,680.0195,37.0,59.0,59772.5635,3276.9958
540.5425,744.6886,42.0,63.0,71584.2207,3276.9958
516.1501,656.1306,34.0,60.0,54438.7727,1927.6406
559.1769,657.7322,27.0,58.0,44129.5994,1301.1804
383.5226,483.505,37.0,59.0,35840.6387,1286.7886
319.9505,413.8316,32.0,56.0,31721.9973,1314.208
428.1455,536.025,24.0,67.0,39384.7163,1314.208
