MAV,RMS,ZC,SSC,WL,rawPeak
730.7512,898.1234,3.0,58.0,22794.1281,1830.7942
303.107,418.0144,24.0,63.0,31339.21,1673.433
381.2277,501.7624,34.0,60.0,39611.2654,1673.433
618.7582,862.7894,27.0,60.0,59836.9683,4122.8721
1081.7449,1633.8044,32.0,59.0,120170.3852,6211.791
1653.9761,2392.4248,45.0,56.0,187195.2272,8493.5342
1733.0599,2395.3901,33.0,54.0,164004.6689,8493.5342
1179.2805,1586.5099,15.0,57.0,82388.7802,7849.7705
753.4441,829.5423,6.0,56.0,33999.3777,3019.5037
566.0663,654.9387,15.0,56.0,33278.2033,1916.6001
544.6841,771.5863,33.0,61.0,58345.0002,2599.7344
1230.084,2205.4973,43.0,63.0,150449.131,10272.2314
1771.9325,2827.6321,41.0,67.0,221602.9593,10272.2314
1458.7937,2248.2161,26.0,61.0,156931.1547,9478.7764
1006.3571,1393.4063,16.0,53.0,79558.2222,7858.9917
676.1196,781.5565,11.0,53.0,38319.7329,2834.6477
578.1772,756.5683,22.0,57.0,47381.4171,4343.8623
963.6224,1434.2306,43.0,66.0,122056.8745,5337.854
1575.4901,2532.6934,50.0,71.0,215259.0433,13307.7871
1854.4448,3004.575,45.0,60.0,237590.5477,13307.7871
1552.1285,2261.9736,20.0,55.0,127090.9686,12046.0928
975.7554,1066.4664,6.0,62.0,39364.5997,2836.7241
650.4643,707.4361,4.0,59.0,25462.9838,1137.8459
534.1889,595.8601,9.0,53.0,30118.7164,1085.1233
839.9713,1308.6978,44.0,61.0,98912.956,4927.6484
1461.9742,2359.262,48.0,62.0,176939.4752,7914.0762
1396.4092,2176.0022,34.0,63.0,143988.5666,7914.0762
824.1976,897.185,13.0,63.0,44754.8975,1724.6707
583.1301,633.4974,8.0,65.0,24763.5935,1097.6321
434.8681,494.7761,18.0,69.0,31678.2211,996.4441
414.1263,503.6191,29.0,68.0,44152.1937,1857.9705
1556.2371,3538.3215,28.0,61.0,160068.8318,18622.5332
2360.5784,4106.9937,32.0,54.0,265549.9993,18622.5332
2183.4209,3267.0889,28.0,51.0,242437.8214,13522.543
1923.9608,2791.5874,18.0,59.0,163237.3636,13522.543
1323.4993,1539.5242,12.0,61.0,80941.3755,6646.8613
946.4669,1047.9374,5.0,58.0,33519.7137,3640.1533
811.1348,1033.5592,19.0,60.0,53075.9175,5265.251
995.6905,1546.3558,36.0,59.0,110817.4684,7583.2759
2117.1028,3238.8992,41.0,56.0,230461.4348,10355.6748
2497.3142,3527.2112,40.0,53.0,275590.5714,10355.6748
1669.6263,2258.7109,32.0,56.0,174515.8236,9325.3311
1326.6987,1507.8779,12.0,61.0,67506.2802,5297.8945
1176.5411,1201.5753,0.0,60.0,24243.7869,1862.0818
1001.2813,1122.8041,12.0,55.0,50297.5848,4388.0039
987.2939,1308.9917,32.0,58.0,108229.9002,5271.3115
1246.196,1879.2935,37.0,63.0,150284.9108,9058.3311
1440.2644,2172.7607,39.0,60.0,178723.7676,9166.1035
1663.0081,2478.0149,43.0,65.0,203167.3368,11730.7012
1518.0005,2146.4304,24.0,63.0,118934.4464,11730.7012
1017.2206,1068.256,4.0,58.0,30197.6399,1693.1741
823.0964,859.4592,0.0,60.0,13981.0371,1273.658
833.0839,1031.7161,13.0,62.0,49599.9088,4846.2383
914.2205,1434.4047,44.0,65.0,121613.723,6866.8164
1641.9412,2837.0027,47.0,60.0,228362.761,13749.6221
1880.6492,2937.0889,24.0,61.0,200067.8148,13749.6221
1210.2941,1576.0654,11.0,66.0,68384.6088,7092.8716
792.0107,873.6893,6.0,63.0,28500.7744,1623.3911
554.1179,605.1298,10.0,60.0,30198.7942,1054.3315
645.0809,833.6806,26.0,60.0,63386.9728,3687.5127
770.6187,1055.6533,37.0,58.0,87717.3248,4521.9062
1451.1438,2629.8306,38.0,57.0,175488.7419,14984.7813
2221.2759,3515.4915,40.0,59.0,276821.9415,14984.7813
2094.209,3274.9089,33.0,60.0,250417.8969,15115.8594
1536.5356,2340.6619,14.0,54.0,129803.5018,15115.8594
1114.7526,1172.1899,2.0,55.0,34909.9998,1884.8074
815.4028,905.2226,12.0,57.0,32485.5948,1537.9021
682.1594,876.3002,27.0,54.0,55064.7857,3980.2195
1466.562,2682.5071,36.0,59.0,166993.5336,13225.5059
2902.0278,4212.2441,49.0,67.0,370876.7919,13303.9854
2998.334,3921.6526,47.0,67.0,367236.9536,13303.9854
2003.7021,2408.55,23.0,63.0,157208.9131,7095.0
1465.7852,1532.9224,4.0,60.0,36324.3674,2447.9019
1127.0132,1203.3917,8.0,58.0,36988.1084,1808.5579
871.3856,1004.3856,24.0,58.0,59442.2673,2768.6597
1592.4773,2310.2666,39.0,57.0,180953.3748,7665.7187
2737.0066,3754.395,37.0,55.0,282284.3029,11960.2656
2701.1914,4171.9624,37.0,63.0,306489.8477,19800.8535
2055.5505,3157.6733,26.0,65.0,193865.0999,19800.8535
1463.3871,1560.3074,4.0,61.0,33579.9758,2599.1921
1165.0847,1182.7915,0.0,62.0,14880.3337,1775.3552
1042.384,1088.4734,7.0,65.0,26816.2321,2043.1158
1045.262,1457.9294,25.0,61.0,91908.1386,6412.3809
1613.9604,2608.8608,37.0,59.0,184116.7017,10841.4736
1780.1194,2646.1323,29.0,55.0,169669.0352,10841.4736
1299.8833,1571.2222,9.0,60.0,62946.447,7257.1768
908.1393,962.7002,0.0,63.0,23215.4052,1616.1467
630.9734,674.6661,8.0,58.0,27769.9761,1217.8721
507.0487,622.942,23.0,58.0,41094.8181,2922.1182
520.7233,770.6136,26.0,58.0,51642.2394,3646.1309
892.4539,1687.5764,36.0,64.0,118302.6329,10025.3701
1975.6006,3214.3181,41.0,62.0,250801.5729,12708.7637
2037.0425,2968.1809,21.0,65.0,173856.1197,12708.7637
1016.3479,1107.6904,8.0,70.0,32146.6345,1735.5798
647.4822,705.8297,14.0,64.0,31946.0851,1410.8199
503.2329,561.7336,14.0,57.0,28497.6276,1410.8199
796.6084,1529.9988,17.0,56.0,68224.179,9128.7246
1733.1931,2879.9727,33.0,58.0,166408.4512,10776.0576
2199.9224,3193.8574,39.0,59.0,230873.9904,10776.0576
1748.3751,2302.0901,25.0,63.0,147055.8436,9213.2695
1111.8623,1234.8888,6.0,60.0,37031.3745,4713.3955
791.1858,824.8751,1.0,59.0,20836.8467,1498.2849
618.5059,663.0267,0.0,61.0,20423.0017,1498.2849
475.0831,549.8203,22.0,59.0,34582.2707,1633.4237
1528.3645,2944.9658,47.0,59.0,177924.8132,13736.4648
2312.9087,3575.9304,44.0,59.0,282216.2469,13736.4648
1707.3833,2405.9763,29.0,58.0,181365.4144,11552.5234
1166.1331,1418.8823,13.0,61.0,70382.1492,7670.3184
881.4877,941.2877,4.0,60.0,38785.9993,1592.96
729.3766,831.626,12.0,62.0,39799.8513,3406.6016
617.993,797.8896,24.0,65.0,55605.8403,3406.6016
1217.5452,1885.2893,27.0,65.0,132001.1439,7673.8037
2023.9001,2967.4998,30.0,62.0,232661.7645,11601.5938
1671.965,2510.897,25.0,56.0,155033.3902,11601.5938
996.4131,1067.8395,13.0,59.0,41454.4524,2314.4607
801.7523,845.9134,8.0,58.0,23083.521,1540.4944
604.6536,649.7924,8.0,55.0,18000.761,1054.2957
517.5929,709.3214,21.0,54.0,38369.6046,2828.4656
872.9119,1353.8562,34.0,54.0,100063.8983,5634.1953
1416.9452,2148.6567,37.0,54.0,161837.929,9761.5859
1886.7764,2836.9331,45.0,56.0,245324.4788,10411.2529
1963.7472,2791.6399,36.0,55.0,224214.8458,10411.2529
1419.6681,1872.2786,15.0,56.0,93713.1817,7618.5645
913.9879,970.3433,9.0,60.0,36638.7483,1632.7148
698.0004,750.6451,16.0,62.0,36399.5801,1459.6091
545.6967,619.8963,26.0,62.0,43063.7562,1489.3352
908.2263,1536.3699,37.0,57.0,95865.6552,7911.5659
2015.1522,3058.1003,43.0,58.0,234738.5022,11782.0156
2316.5063,3312.8638,42.0,60.0,276515.8614,11782.0156
1618.9656,2180.2334,23.0,60.0,141675.3904,7885.0215
1164.7275,1235.6514,5.0,68.0,43198.2827,2686.4126
1008.7234,1066.1971,2.0,67.0,28401.6768,2686.4126
1163.2261,1604.371,15.0,53.0,72440.7522,6059.5615
2410.8386,3686.8184,31.0,54.0,272368.5706,12538.6982
3424.4297,4772.7676,36.0,61.0,410257.1542,14707.9951
3212.9751,4879.3208,39.0,68.0,354956.0342,20706.8633
2439.5754,3798.7134,21.0,67.0,175261.0759,20706.8633
1791.6261,1854.6544,4.0,63.0,35181.9355,2544.4431
1512.2318,1558.2213,0.0,56.0,19551.9872,2127.0759
1007.7742,1071.7959,6.0,54.0,28807.2144,1776.6914
937.154,1291.265,18.0,56.0,69828.9984,6153.5132
1309.5822,2015.1348,27.0,56.0,126662.6621,9171.6963
1311.8174,1836.5117,16.0,57.0,88712.106,9171.6963
823.1487,905.9017,0.0,58.0,22171.2789,1483.0708
436.5223,507.7675,15.0,58.0,25620.7985,1383.1176
664.8455,1105.3229,30.0,50.0,62529.6049,4567.5342
1241.605,2070.6431,30.0,49.0,137444.534,9303.252
1972.4767,3173.0842,38.0,59.0,249040.1075,12114.8594
2175.1755,3205.906,25.0,56.0,215030.741,12685.2158
1534.6804,2028.1378,4.0,60.0,65326.154,12685.2158
975.4308,1033.0049,0.0,62.0,18626.9109,1761.7394
593.8195,645.918,5.0,61.0,16900.858,1050.925
998.1407,2076.146,25.0,58.0,93344.2108,11455.3379
1992.0546,3473.0813,44.0,59.0,224154.8849,15707.1445
2914.5193,4769.0728,50.0,59.0,366668.473,20663.957
2851.9475,4386.0659,38.0,56.0,334218.093,20663.957
2033.4684,2471.8101,15.0,61.0,134933.9963,8198.0088
1652.079,1712.3839,2.0,65.0,29184.1519,2333.2441
1234.3519,1291.4829,0.0,69.0,23740.9194,1854.3345
805.2291,866.1862,6.0,67.0,28403.7425,1535.9878
714.3486,994.5792,13.0,58.0,50979.7648,5806.0942
1715.3544,2865.5767,21.0,58.0,155679.2238,12465.6309
2008.3085,2931.9302,20.0,59.0,158263.4313,12465.6309
1175.3369,1386.4285,10.0,61.0,63558.9745,5685.4048
788.5091,995.9576,4.0,66.0,39429.454,5685.4048
487.9009,529.0464,0.0,70.0,19443.3517,1020.5121
483.0678,672.6736,6.0,67.0,30129.7774,4051.7815
671.3143,1034.969,14.0,61.0,54280.071,4398.9941
2239.1882,4039.855,27.0,60.0,261543.5938,16856.6523
2920.0286,4673.9512,32.0,59.0,337341.6486,17730.3047
1787.1418,2717.9565,13.0,55.0,114527.7646,17730.3047
1178.4132,1289.8379,6.0,64.0,45892.3587,2505.9219
641.7378,794.7728,23.0,67.0,51841.5981,2505.9219
453.4775,605.9617,30.0,65.0,50433.0125,3044.2134
837.5358,1352.0319,27.0,68.0,93862.6444,6620.1187
1880.0283,2969.76,37.0,60.0,221421.1816,13109.1689
1938.2975,2880.5417,31.0,57.0,213155.8925,13109.1689
1269.6395,1395.4026,9.0,62.0,68825.2291,4133.4155
960.6082,1067.4696,8.0,67.0,34686.9238,1821.9105
584.7283,656.8837,20.0,69.0,40120.5203,1231.9657
560.7061,634.0846,24.0,61.0,47874.542,1445.2593
1543.4044,2891.427,24.0,62.0,151486.5934,13260.457
1974.6274,3270.5552,25.0,65.0,193518.4075,13260.457
2117.9402,3088.2307,27.0,62.0,226502.5018,11223.0654
1957.5802,2781.366,22.0,56.0,181525.2583,11223.0654
1047.9133,1141.8875,18.0,53.0,56382.1764,1838.3605
917.7751,990.9491,12.0,56.0,42808.4911,1561.2523
743.3757,811.9399,12.0,60.0,37113.7233,1561.2523
1012.9986,1769.637,27.0,56.0,93331.0991,10484.8447
2214.2625,3601.3711,39.0,62.0,269489.0657,12291.6348
2436.4485,3910.5459,39.0,66.0,290483.6765,17494.373
1680.255,2529.0647,18.0,58.0,107925.2069,17494.373
1142.9189,1230.7303,4.0,58.0,26140.4086,1853.7388
767.9842,813.163,6.0,63.0,26311.9535,1383.5588
628.3324,694.187,18.0,66.0,37508.8827,1150.4387
958.9107,1686.131,33.0,61.0,104735.8333,9487.6621
1678.031,2524.0845,47.0,60.0,216878.1861,9487.6621
2030.5066,2998.2385,55.0,64.0,284812.8589,12583.252
1743.7822,2513.1436,29.0,60.0,171815.1266,12583.252
1195.391,1278.5834,6.0,60.0,40043.2849,2574.6772
932.2495,993.5537,3.0,63.0,27217.5508,1710.4207
619.2168,690.9903,8.0,60.0,21316.4526,1302.9893
676.9999,1004.4991,19.0,55.0,47625.4709,4103.0127
1672.1106,2408.2009,34.0,57.0,145616.8578,9814.8926
1949.2209,2609.0259,41.0,59.0,178884.2736,9814.8926
1374.9872,1654.1594,20.0,57.0,88243.0424,5923.5718
986.0916,1053.0541,2.0,57.0,23289.6168,1895.797
632.9924,709.7249,14.0,63.0,34557.4854,1871.8339
499.5865,626.6537,24.0,63.0,47415.4701,2307.6948
1285.5422,2540.8528,32.0,58.0,137208.4562,10637.1895
2115.4253,3213.3066,43.0,61.0,215178.5438,10637.1895
1874.0985,2407.9995,39.0,63.0,169032.3037,6887.3184
1437.451,1606.994,14.0,56.0,74926.327,4844.4429
1014.7392,1074.4915,0.0,57.0,21186.0736,1641.864
638.335,680.4233,2.0,56.0,18579.0616,1215.7578
420.3263,484.5084,21.0,62.0,28987.0049,1647.0411
291.2575,371.2943,35.0,64.0,32591.2061,1647.0411
905.5788,1918.605,39.0,64.0,97879.5377,9396.0527
1266.9675,2084.9819,40.0,65.0,132168.9252,9396.0527
970.0344,1100.7896,21.0,58.0,59244.6523,5121.4043
678.3903,771.8914,8.0,55.0,22055.7372,1288.4607
336.7941,396.7003,26.0,60.0,24790.4683,941.0506
296.9055,341.7904,27.0,64.0,23939.6573,919.3645
394.1889,866.9316,27.0,64.0,37902.6876,6045.8208
1397.8932,2726.5454,42.0,58.0,148805.1234,10746.8232
1858.2253,2882.9321,37.0,58.0,192885.9051,10746.8232
1295.7946,1583.7709,23.0,63.0,110880.9064,6550.2593
927.2143,1088.5861,8.0,68.0,48173.0279,4177.6934
512.8223,574.8953,4.0,63.0,21325.3908,1137.7554
330.806,378.5115,11.0,56.0,23285.102,828.1652
391.6581,660.5529,26.0,56.0,41108.3759,3154.9165
513.3304,816.4996,37.0,59.0,66353.4847,3154.9165
908.2686,1483.989,52.0,67.0,128338.8891,6786.6147
1585.3534,2644.658,54.0,66.0,214702.9716,13576.3701
1517.4487,2396.8748,22.0,56.0,131739.6049,13576.3701
847.8882,919.1531,6.0,62.0,17367.0057,1475.356
570.5357,608.4895,6.0,71.0,14747.0075,1079.2642
433.525,528.9567,16.0,69.0,22719.3505,2183.6318
389.654,653.4687,29.0,60.0,43125.044,4045.2295
569.3925,904.9097,30.0,54.0,67069.5076,4045.2295
1458.9213,2696.0847,28.0,57.0,141217.1935,12326.2373
1672.8271,2733.4771,21.0,63.0,124332.5935,12326.2373
945.7386,1042.2676,12.0,61.0,36853.243,2817.0745
689.8583,753.0742,4.0,60.0,19532.4548,1548.4916
404.0329,458.7646,8.0,61.0,16986.8104,916.7072
297.0585,475.7745,18.0,56.0,27395.431,3448.1614
819.2311,1530.2014,33.0,57.0,86078.3625,7617.7988
2253.427,3546.4573,33.0,55.0,226997.6658,11942.8379
2283.6389,3401.4512,23.0,60.0,209405.1519,11942.8379
1110.8392,1250.9939,14.0,65.0,56865.3538,4790.9565
746.1028,794.3923,8.0,64.0,27426.7468,1372.4851
538.145,590.2264,18.0,62.0,31091.0336,1490.1412
693.4774,1080.8485,32.0,57.0,66878.634,5241.0288
1434.6174,2407.1016,35.0,49.0,140530.6056,7972.1963
2373.6868,3878.1235,34.0,58.0,234336.198,15683.502
2111.0833,3375.1089,25.0,62.0,181335.3768,15683.502
1207.6024,1289.0184,9.0,57.0,42373.6008,2220.6853
840.8513,891.1498,2.0,57.0,19284.267,1570.281
568.916,680.9962,9.0,53.0,28770.2504,2595.7793
945.6243,1640.3116,19.0,54.0,90989.3007,6717.1855
1592.389,2380.9204,36.0,61.0,184553.544,6908.7266
2492.0125,3695.7551,39.0,61.0,263596.026,11910.9941
2348.6931,3415.0657,17.0,57.0,164327.9626,11910.9941
1153.1122,1279.9014,11.0,57.0,41421.1923,3659.478
828.0844,982.065,29.0,63.0,70251.9636,3160.3755
937.2506,1215.5851,37.0,66.0,107759.9125,5616.2988
1295.9799,1976.9083,35.0,54.0,136604.7718,8155.3936
1818.5615,2951.5027,41.0,57.0,216654.7717,15679.3115
2727.8889,4038.1123,41.0,60.0,324257.1337,15679.3115
2647.1028,3663.991,32.0,64.0,285108.4963,14261.8857
1769.3995,2054.7429,14.0,67.0,113943.2264,7575.1982
1305.2742,1373.0079,2.0,58.0,22358.8076,2331.845
990.5049,1012.4987,3.0,60.0,16774.0795,2005.4751
1007.0958,1222.028,16.0,58.0,57756.2824,4313.8535
967.5988,1335.1747,36.0,50.0,99551.0342,6187.8232
1741.2035,2708.0984,41.0,59.0,215042.7137,10591.0889
2279.7874,3226.1025,33.0,63.0,269212.3188,11355.9268
1684.392,2206.8997,13.0,55.0,116928.7261,11355.9268
1003.1743,1108.7722,6.0,54.0,22488.8861,1831.7717
601.8799,651.5545,12.0,59.0,23501.1495,1226.0339
720.3922,1001.5038,16.0,60.0,49251.2555,5097.3418
1358.2489,2783.8125,25.0,59.0,127133.6227,15838.8037
2393.7517,3968.8623,41.0,62.0,306760.0002,15838.8037
2461.2058,3657.1921,44.0,61.0,319216.359,14554.832
1669.6799,2356.3013,21.0,63.0,140229.4481,10764.1719
1062.1532,1172.3004,21.0,59.0,54145.8054,2196.7446
874.7173,952.3938,20.0,54.0,46169.3406,1505.2296
1121.7682,1453.6146,14.0,60.0,80522.9584,6311.8984
1452.5736,2226.9712,34.0,54.0,163123.2736,9616.9102
2438.3918,4137.8486,44.0,52.0,316791.3353,19042.2207
2918.2043,4607.9687,44.0,58.0,379830.8812,19042.2207
2119.9978,3067.9697,30.0,56.0,221352.5294,13507.7559
1458.2637,1714.885,20.0,55.0,112993.9968,6927.7461
1254.244,1427.2273,30.0,55.0,108561.7803,3372.8274
1232.582,1418.5884,25.0,58.0,100900.9811,4696.0039
1545.9636,2087.6372,21.0,57.0,130016.5698,7423.1455
2358.1938,3282.8376,36.0,62.0,272455.4338,15062.8496
2567.2258,3573.1892,38.0,70.0,284954.6873,15062.8496
1980.3177,2619.2551,18.0,68.0,118678.9938,11774.7617
1258.8347,1371.6774,2.0,65.0,25837.6381,2233.8245
814.4838,865.7964,2.0,62.0,20023.827,1295.8413
798.5081,847.0552,6.0,61.0,25531.2664,1617.4447
1013.8357,1316.8011,20.0,56.0,69302.7573,5375.7764
1359.0321,1909.733,36.0,61.0,144027.1716,7238.0557
1470.348,2090.6875,34.0,70.0,161368.1077,7238.0557
1065.3816,1547.0093,24.0,72.0,91591.9159,7041.4146
731.4426,794.5328,12.0,65.0,33986.7797,1276.3228
663.4012,727.6331,4.0,58.0,24670.772,1276.3228
521.2781,655.066,13.0,60.0,35150.5766,2599.1602
1239.522,2255.3218,34.0,59.0,153789.1214,9287.5625
1993.4618,3051.0061,41.0,62.0,255061.7047,9457.8379
1776.0209,2509.7205,30.0,61.0,190606.12,9457.8379
1360.2664,1615.4972,21.0,63.0,96614.2903,5417.4302
976.3007,1154.0642,27.0,66.0,76168.5418,3663.8862
725.4687,920.3326,32.0,57.0,67550.4394,3663.8862
783.3022,1030.9366,22.0,51.0,60841.4562,4461.7051
893.8857,1161.4398,28.0,60.0,85675.6616,4461.7051
1439.4241,2210.9353,46.0,61.0,182312.1518,7645.7095
1935.1293,2852.6597,46.0,60.0,257172.5305,11678.5996
1566.3881,2200.6904,28.0,59.0,162501.1323,11678.5996
1019.3406,1194.8617,20.0,60.0,72040.4478,4884.6265
759.4904,858.2474,22.0,62.0,60158.0478,2522.1152
695.5415,777.2617,19.0,61.0,50071.0789,1545.9253
763.6145,1052.2468,26.0,60.0,77215.9785,5253.1426
1534.1818,2557.8308,34.0,61.0,181056.4762,11050.1953
1885.0964,2787.896,24.0,60.0,180593.0143,11050.1953
1306.7838,1631.7806,6.0,57.0,58830.1025,9483.5703
776.3658,866.8214,6.0,56.0,20819.0948,1557.5057
446.2429,503.4818,8.0,58.0,18950.6292,853.9608
373.0682,416.9911,6.0,55.0,15951.074,816.5815
471.7188,621.6162,24.0,54.0,38262.2796,2574.72
1344.1495,2295.0474,38.0,57.0,140062.0428,9279.0361
2235.3704,3258.8809,30.0,52.0,223642.1207,10091.9063
1874.925,2671.9429,23.0,53.0,155367.3027,10091.9063
1037.3561,1325.1683,25.0,57.0,71397.1233,7733.209
710.332,823.2747,19.0,66.0,44442.6754,3180.3628
617.6836,769.7227,26.0,65.0,51224.648,3180.3628
884.935,1458.6267,42.0,57.0,97282.0237,8927.7715
1728.7949,2719.3518,42.0,58.0,219503.8442,12924.125
1800.6182,2681.823,39.0,61.0,217322.8751,12924.125
1176.6914,1499.3268,21.0,53.0,86447.1077,7286.603
858.1039,923.6083,4.0,51.0,30803.852,1594.4048
749.6453,901.9781,4.0,61.0,42046.7411,3852.0752
564.6376,833.2617,16.0,64.0,51322.2137,3852.0752
829.3323,1533.8624,35.0,57.0,97915.1659,10040.7939
1574.355,2610.3826,43.0,58.0,195749.5296,10964.4463
1568.0789,2371.3459,25.0,66.0,139190.8571,10964.4463
933.784,1095.5112,10.0,63.0,48093.7626,4742.6143
623.2409,693.4523,16.0,60.0,44266.9925,1619.6879
435.7205,521.6116,22.0,60.0,34397.2007,1619.6879
846.8708,1608.9149,29.0,55.0,86316.0997,7621.3809
1795.453,2793.7021,43.0,54.0,220294.3517,11462.9561
1987.1472,2896.7935,41.0,53.0,228512.3745,11462.9561
1435.3932,1938.1882,15.0,57.0,102370.7064,9998.5127
807.8641,913.3004,16.0,60.0,42902.9222,1659.024
564.1996,639.136,23.0,56.0,39364.3235,1886.2603
554.674,663.8109,21.0,58.0,44377.7708,1988.6652
774.7322,1116.7104,31.0,58.0,86166.499,4306.5615
1717.5852,3206.4304,37.0,58.0,213789.3757,21707.9043
3343.2415,5148.5225,37.0,63.0,397797.3413,21707.9043
3202.2407,4496.7075,30.0,62.0,319365.2875,16952.8711
1766.4855,2041.9995,17.0,56.0,107701.6543,5863.4668
1199.7107,1340.8196,8.0,56.0,53531.3507,2568.9377
986.4517,1077.241,13.0,51.0,48645.0999,2568.9377
1390.9248,2380.3162,29.0,51.0,126904.5209,11053.373
2482.1201,3698.4744,41.0,64.0,297593.1473,11053.373
2718.5762,3854.3674,39.0,63.0,324750.8999,13000.1777
1852.4811,2722.8564,21.0,55.0,149660.6196,13000.1777
1194.3666,1317.7709,12.0,56.0,55774.4564,2944.3706
990.71,1087.6865,12.0,58.0,50675.7379,2944.3706
961.9729,1146.167,14.0,59.0,58221.2516,4511.0537
1251.0526,2118.4612,38.0,67.0,145815.2893,9413.083
2011.2528,3244.2163,52.0,70.0,261339.689,10504.9619
2161.428,3241.5657,36.0,63.0,259272.3484,13003.8457
1641.9664,2185.7544,11.0,64.0,109740.6377,13003.8457
1112.1554,1188.5845,3.0,60.0,24845.5274,2077.2021
750.2633,788.2184,12.0,54.0,25356.1161,1895.9719
697.8135,840.718,31.0,56.0,57213.9528,3111.207
1417.899,2251.2686,46.0,55.0,174623.4103,8832.793
1695.4664,2481.1208,42.0,55.0,198613.156,8832.793
1275.8501,1602.0913,28.0,61.0,107608.8063,7339.1997
958.0134,1129.8408,16.0,66.0,58932.6668,3806.7588
636.3538,713.7899,12.0,66.0,42078.3741,1871.6973
563.8177,637.8761,12.0,61.0,34844.2042,1871.6973
1203.2975,2378.1765,22.0,55.0,104536.55,12074.1973
1889.2777,2992.1956,35.0,53.0,201894.6545,12074.1973
1669.0061,2404.2517,37.0,57.0,189138.2155,8370.3174
1409.1115,1975.075,26.0,63.0,136223.5952,8370.3174
1465.3286,2030.2184,20.0,60.0,134985.9556,8191.6089
1655.3878,2354.6648,21.0,48.0,145062.3423,7260.6367
1633.4414,2334.719,27.0,57.0,161484.9539,7959.7603
1918.4934,2650.5034,40.0,65.0,232647.7141,8578.3838
2398.4045,3102.8223,41.0,61.0,272490.5076,11008.2393
2258.6851,3005.9858,34.0,58.0,220399.1818,11008.2393
1807.9771,2310.3616,22.0,55.0,123082.5232,10162.5596
1354.8411,1434.2681,6.0,53.0,33858.1632,2497.886
1215.7402,1480.5709,11.0,51.0,56420.6458,5190.0225
1392.7909,1951.99,17.0,47.0,109655.2404,7681.9517
2110.2283,3384.2363,31.0,54.0,250249.6331,14128.293
2769.9651,3968.6741,40.0,63.0,335323.3755,14128.293
2189.0403,2826.8201,19.0,60.0,172785.4847,10589.7891
1264.625,1374.5179,2.0,58.0,37474.0789,2363.8723
910.1432,950.0004,0.0,60.0,22044.9225,1718.8105
1088.6501,1410.6407,26.0,65.0,95200.2964,4711.4111
1658.5021,2468.7581,49.0,59.0,211840.5239,12783.3965
1582.4543,2287.1548,30.0,54.0,151205.8411,12783.3965
1005.1802,1057.8615,6.0,64.0,29043.8746,1656.7659
740.4277,771.7025,0.0,67.0,16932.1877,1384.9424
505.3028,556.4869,8.0,66.0,17913.1,1066.5325
359.834,427.8626,20.0,62.0,24463.4583,1094.4607
965.2949,1693.5159,29.0,54.0,89992.2722,6827.7812
2146.1455,3143.7563,38.0,57.0,222010.711,10859.0723
2034.3989,2844.7021,20.0,60.0,158858.2979,10859.0723
992.1623,1106.3639,2.0,55.0,22228.465,1889.5101
615.5211,690.3086,5.0,58.0,20109.2918,2542.0313
955.5997,1528.5,24.0,53.0,83638.9093,7199.6846
1607.5587,2498.9651,43.0,52.0,196339.3141,8671.748
1318.6147,2222.9905,32.0,64.0,160589.4176,8671.748
527.5364,932.4295,19.0,61.0,42794.2375,6212.2632
362.5297,432.4882,20.0,57.0,23310.9948,924.9009
391.4255,508.8422,22.0,60.0,29694.7334,1952.156
656.6792,1088.4291,36.0,60.0,72589.3502,4679.272
1514.8939,2680.3308,43.0,62.0,157212.8594,11845.2539
1779.7787,2875.958,31.0,60.0,165506.5022,11845.2539
1201.9141,1615.5795,12.0,56.0,70018.8684,9698.1338
767.6168,825.4079,0.0,61.0,15617.0671,1501.2402
502.7809,570.6981,6.0,62.0,18807.3083,1523.1831
510.987,800.4971,19.0,61.0,41236.1532,3346.9563
1027.1088,1779.5204,32.0,59.0,121957.5663,8320.6035
1357.5596,1993.8062,33.0,56.0,147144.29,8320.6035
939.7125,1241.499,16.0,61.0,68313.6118,4766.123
494.4265,567.6362,10.0,61.0,22873.0264,1270.2004
299.1555,368.2701,24.0,55.0,21040.8136,925.3951
433.4437,848.5462,33.0,57.0,39952.0808,5573.3467
963.817,1541.3057,39.0,61.0,114477.537,5573.3467
1093.0403,1480.1589,28.0,58.0,106461.0836,5555.7021
757.4031,841.0344,4.0,62.0,30401.3732,2882.6633
595.6461,627.6027,0.0,59.0,17138.3711,1182.6431
431.5525,507.7469,12.0,58.0,18417.0972,1252.9917
1313.0898,2806.9404,22.0,61.0,114571.7058,15500.7666
1964.9551,3289.144,32.0,60.0,212301.3163,15500.7666
1438.2865,1975.4766,26.0,57.0,131623.1926,8982.6602
1003.3806,1098.7197,6.0,53.0,33660.9186,2108.7615
622.6758,694.3137,6.0,60.0,19506.6019,1367.397
404.525,470.6753,18.0,57.0,23651.509,1027.6626
555.7391,946.1851,28.0,52.0,55779.4448,3469.228
1046.6687,1631.8942,36.0,54.0,122767.9443,5865.4316
1542.7463,2431.6958,41.0,57.0,190145.1252,12242.6279
1466.0222,2181.4827,23.0,62.0,122781.0089,12242.6279
810.0305,912.7217,6.0,66.0,24708.4498,1538.2971
407.4044,463.6086,9.0,59.0,19266.5585,953.9803
239.1637,296.6223,20.0,58.0,18847.1991,620.9059
265.1294,421.6753,27.0,63.0,31414.0574,2442.9824
437.806,558.4874,25.0,57.0,38995.7618,2442.9824
417.937,479.597,17.0,59.0,27682.9622,1080.5535
313.9259,357.661,18.0,65.0,22465.2538,640.8428
315.144,356.1939,17.0,64.0,21971.6216,670.8362
341.0721,386.9672,21.0,67.0,29229.7432,866.1996
483.6433,914.1664,29.0,64.0,51486.5558,6722.0381
1143.0796,2277.1467,34.0,63.0,113174.8691,12832.6104
1357.2593,2236.2319,19.0,63.0,89001.5294,12832.6104
864.1159,906.0134,0.0,67.0,19113.595,1351.1416
511.3046,563.147,0.0,63.0,16251.6868,1022.145
396.8214,422.2388,0.0,56.0,11907.9612,664.9887
482.1845,542.0257,5.0,56.0,12593.1785,1450.5822
806.775,898.4807,5.0,61.0,18726.3256,1547.3541
690.6114,832.499,3.0,63.0,18340.0175,1547.3541
499.2093,578.5653,3.0,55.0,14573.3093,1220.6426
610.1145,638.2678,2.0,55.0,14303.3578,878.3321
400.6978,445.5804,12.0,61.0,16743.7567,812.9839
249.2514,285.4686,28.0,61.0,17557.6076,696.7319
202.1958,240.0582,43.0,61.0,21447.9765,640.1522
254.7693,300.1645,30.0,58.0,20538.3441,640.1522
968.6269,1822.0394,21.0,59.0,85677.287,9269.8848
1650.9535,2575.3376,37.0,70.0,191052.65,9269.8848
1252.5295,1937.2164,26.0,65.0,126867.1603,8726.9463
693.4684,754.4459,6.0,58.0,22321.8734,1218.3193
437.1062,498.0338,6.0,63.0,15982.8082,958.3701
327.8825,359.5233,8.0,60.0,17854.1578,686.321
352.2408,425.6189,17.0,60.0,27522.8646,1577.0452
1309.1837,2323.51,28.0,56.0,128448.957,8636.3438
1606.7557,2553.8933,35.0,54.0,174358.128,8636.3438
861.8831,1242.147,19.0,59.0,72684.7209,7266.8096
662.8423,694.94,0.0,59.0,19922.2035,1116.7043
468.9369,510.6123,2.0,57.0,19070.9588,888.7249
351.9005,451.087,14.0,55.0,24254.4422,1979.4495
782.1866,1412.8776,33.0,58.0,85361.2682,7190.6753
1469.2119,2364.9131,43.0,61.0,185774.2321,10547.3145
1812.7684,2720.8164,37.0,65.0,217313.3494,10547.3145
1497.0085,2068.8203,15.0,67.0,113657.8771,9967.6094
857.3133,908.0092,2.0,64.0,18216.569,1402.3618
609.0912,640.6974,2.0,61.0,18831.9397,1076.0603
515.8875,542.571,0.0,67.0,19022.6364,772.325
413.6764,455.8053,6.0,73.0,25354.4158,1027.6461
933.2523,1987.2152,30.0,69.0,119251.1382,15234.1416
1444.7698,2496.5125,35.0,67.0,172000.5153,15234.1416
1132.4557,1664.3494,11.0,65.0,78872.8126,7717.8232
721.7397,765.0844,2.0,67.0,19765.0895,1299.0513
477.5223,526.41,2.0,57.0,16919.233,1062.0186
495.129,886.9309,15.0,53.0,37987.8057,6689.7197
1231.7762,2220.0051,37.0,64.0,151285.9803,9069.2354
2264.9534,3443.2185,38.0,61.0,254480.4622,12400.1982
2109.6367,3129.3853,23.0,55.0,185301.4041,12400.1982
1305.9435,1669.413,5.0,56.0,58121.5464,9777.5996
1050.0692,1272.9666,13.0,59.0,65578.9368,5650.1406
879.4093,1156.6248,24.0,64.0,82195.0529,5650.1406
1189.8177,1849.7526,28.0,62.0,137798.4308,7506.3491
2535.6123,4010.5217,41.0,61.0,334837.4379,14709.7461
3195.958,4786.9351,50.0,62.0,440234.5241,14709.7461
2590.4778,3935.0403,48.0,59.0,338869.9586,14639.0137
2155.1804,2934.4734,32.0,59.0,207431.2139,12740.6563
1915.6318,2226.5737,24.0,59.0,145267.709,6994.4922
1527.8428,1728.8779,24.0,54.0,107968.2903,6032.8931
1296.2147,1460.5126,26.0,57.0,102458.9401,3916.7617
1675.582,2367.0103,42.0,59.0,211551.7578,12859.207
1670.3495,2346.7107,40.0,57.0,189062.2441,12859.207
1244.4004,1355.4993,16.0,57.0,64724.8055,2847.0176
1161.7319,1234.9158,8.0,55.0,49252.2676,1998.8408
945.3741,1019.5911,12.0,54.0,51666.6838,1978.7477
928.9476,1398.8224,18.0,63.0,75602.3663,6936.5234
1372.7604,2325.7537,36.0,65.0,155784.578,8924.7607
1653.0636,2611.3596,38.0,62.0,194145.5981,9704.7881
1318.2739,1888.9076,17.0,64.0,104515.1191,9704.7881
937.1736,987.1757,4.0,63.0,26632.6712,1492.7751
770.5413,798.6761,4.0,65.0,20492.8604,1195.1492
627.9467,658.668,8.0,67.0,25563.5206,1255.1211
1061.4513,2005.516,20.0,60.0,90703.2281,9406.0225
1450.9697,2495.9475,32.0,55.0,151969.9932,9756.9609
1308.5917,2277.6292,30.0,59.0,150003.119,11871.6533
1080.762,1825.4794,19.0,57.0,98696.6094,11871.6533
806.9419,1037.0035,25.0,56.0,64814.0806,4378.6802
728.9256,979.759,25.0,57.0,68024.4579,4378.6802
665.1926,820.8647,20.0,59.0,54725.8546,3827.5562
1738.4095,3181.1646,36.0,62.0,183834.9282,14132.5898
2137.8196,3580.3987,32.0,60.0,230387.4402,14132.5898
1224.5654,1899.2065,12.0,55.0,90914.8228,11235.2813
882.3651,959.8721,2.0,63.0,26115.4332,3323.0601
496.7042,567.4198,5.0,66.0,17668.6174,1147.8562
38.0508,39.6747,14.0,20.0,1487.328,60.4688
33.1624,34.7713,11.0,15.0,1144.4513,98.7888
86.4705,180.8472,29.0,37.0,7224.9797,878.3151
116.59,209.7425,45.0,55.0,12024.2515,878.3151
140.128,309.6709,49.0,56.0,17121.9118,2491.886
254.5855,469.7345,51.0,57.0,29730.3906,2491.886
375.1902,751.1474,47.0,63.0,48647.632,4827.9927
748.865,1466.2527,34.0,62.0,82721.6727,7253.3247
1593.3177,2563.2964,32.0,61.0,188944.2893,9178.7559
2900.5757,4306.2339,38.0,63.0,322429.3632,15100.8232
2853.6445,4187.2319,23.0,62.0,260363.5895,15100.8232
1674.692,2181.3743,5.0,67.0,83760.1558,11134.3623
1160.0077,1195.1863,0.0,69.0,19022.2617,1723.4143
858.2793,884.9499,4.0,60.0,17231.9636,1346.0032
1019.63,1490.7104,22.0,55.0,83750.9514,5696.3262
1827.2363,2859.0286,27.0,65.0,210989.6166,9618.209
2717.8767,3940.6423,34.0,69.0,328276.4389,12090.9688
2435.7568,3499.4072,42.0,57.0,280530.1532,12090.9688
1554.5614,1977.0898,17.0,54.0,97995.8591,8358.876
1359.0836,1393.5067,0.0,64.0,20185.3796,1994.312
1225.2777,1248.1022,0.0,61.0,12766.9293,1868.5023
1065.7791,1335.8077,15.0,58.0,55065.4832,6395.8916
2125.3086,3477.9048,35.0,63.0,267240.5229,12972.6123
2842.2012,4241.8154,45.0,66.0,388210.5375,12972.6123
2238.4216,3302.4373,41.0,60.0,282657.2859,11328.7686
1714.348,2221.4326,19.0,57.0,127463.1245,10609.375
1311.3553,1354.0059,3.0,67.0,27549.8287,2459.2266
1024.7598,1047.3485,0.0,63.0,13112.5222,1593.0969
1297.5023,2035.1859,14.0,56.0,97754.3924,10412.9004
2070.3567,3234.3323,39.0,62.0,278085.5461,12931.0908
2065.6631,3067.085,48.0,64.0,295715.9841,12931.0908
1513.9559,1948.2854,32.0,60.0,162914.8357,6113.9536
1336.931,1425.4933,9.0,58.0,55162.7205,4557.5889
1252.0477,1264.1731,0.0,54.0,10550.3622,1913.6672
1016.6702,1041.9261,3.0,58.0,16255.3483,1730.8447
1010.0529,1325.7864,24.0,67.0,68310.4686,5190.1367
2055.2292,3446.7002,41.0,60.0,232967.4222,18438.1426
2121.9514,3436.6155,31.0,56.0,231994.6372,18438.1426
1159.1404,1368.4141,15.0,67.0,77926.7452,6099.1348
1008.7565,1038.962,4.0,69.0,22619.0726,2024.584
882.6973,897.1868,0.0,65.0,9411.3178,1516.6162
880.8166,1274.4464,18.0,59.0,47592.3931,6512.0884
1868.9131,3067.8845,36.0,60.0,204511.1192,11348.4531
2598.1091,3657.0068,33.0,63.0,287390.835,11348.4531
1791.4069,2494.7329,27.0,63.0,178732.1143,10007.3809
1172.3562,1296.9757,11.0,62.0,59403.5898,4622.543
1112.3799,1126.7726,0.0,62.0,13840.9901,1680.9832
915.5641,953.8977,6.0,65.0,20598.2606,2085.436
869.6032,1205.1299,20.0,61.0,65488.3979,6719.252
1895.3463,3233.5718,35.0,60.0,233761.3901,12794.7236
2183.5413,3353.8948,47.0,64.0,292813.707,12794.7236
1522.9165,1917.6711,34.0,60.0,165697.2739,7375.3003
1344.149,1573.8932,7.0,62.0,54480.9659,7375.3003
1041.911,1054.9381,0.0,64.0,8649.5851,1571.3967
817.7372,840.5187,2.0,61.0,11803.9615,1486.5808
630.5261,662.3886,2.0,64.0,14521.5439,1486.5808
475.4484,505.6591,6.0,62.0,16935.7872,958.8365
426.1491,460.8494,8.0,62.0,20186.7994,936.3552
384.2416,420.8098,10.0,66.0,18305.8864,810.023
244.0738,282.95,11.0,65.0,12403.6407,604.6843
144.1311,167.0392,9.0,64.0,8779.0367,514.1375
197.5733,599.0115,13.0,54.0,15263.6372,5704.4824
1374.8929,2798.0515,26.0,56.0,146950.6372,10759.3408
2923.7024,4475.0195,39.0,61.0,301479.9941,12660.418
2433.105,3779.8274,31.0,64.0,236339.8692,12660.418
1219.1007,1494.0789,14.0,63.0,83918.1485,6939.4062
928.4559,961.0302,4.0,60.0,21117.2738,1419.4287
878.5104,890.0513,0.0,64.0,9249.3102,1314.5117
774.8177,851.7645,12.0,67.0,32343.03,2794.7349
1602.1217,2829.5337,35.0,65.0,175852.3522,11831.7529
2162.9292,3378.6934,39.0,62.0,267506.7453,11831.7529
1504.2096,2118.8945,17.0,61.0,124477.3057,8339.3369
1041.6053,1068.9777,0.0,64.0,12903.4821,1677.2874
803.1424,826.7255,0.0,66.0,12163.3302,1284.3484
607.4922,651.9127,3.0,62.0,16991.7507,2086.6895
1018.1387,1698.8752,22.0,60.0,97273.5933,7147.1523
1598.0258,2394.4448,42.0,61.0,187352.7952,7147.1523
1932.3698,2881.0945,37.0,63.0,225659.4641,10433.2461
1722.6549,2468.8152,15.0,62.0,132064.9371,10433.2461
1132.0255,1152.2803,0.0,57.0,13806.7772,1676.1025
929.8713,939.6506,0.0,60.0,9632.7891,1210.7859
744.9183,761.5867,2.0,60.0,10914.6599,1070.5496
1273.9447,2246.9482,9.0,58.0,91663.8928,10489.4336
1934.9926,3111.0957,32.0,61.0,234103.1616,10489.4336
1480.7599,2323.0942,29.0,64.0,157070.9892,10009.877
903.0049,943.1888,4.0,63.0,23719.923,2646.6929
695.1999,720.0715,0.0,68.0,15960.3021,1046.8352
510.4061,537.3589,9.0,69.0,21949.7151,936.3592
516.2204,671.301,19.0,62.0,38615.8472,2891.5166
1199.3132,1961.2407,30.0,59.0,147193.5917,6406.7661
1386.088,2104.2612,36.0,61.0,177987.6854,6406.7661
812.578,1079.9393,18.0,65.0,68882.8231,4934.7881
611.5925,697.0551,12.0,69.0,39151.1867,2339.2456
530.3146,621.4891,14.0,67.0,38067.0914,2339.2456
507.5179,536.6714,6.0,62.0,18358.0861,961.8533
1908.7012,3835.8672,19.0,62.0,187849.5386,18576.4434
2533.8264,4237.583,34.0,68.0,276597.217,18576.4434
1429.5157,2006.3081,20.0,65.0,109404.6514,10624.2148
1012.9484,1044.197,4.0,58.0,22164.4991,2432.0752
844.5198,864.4194,0.0,57.0,11365.8946,1376.5815
683.9558,700.2853,0.0,64.0,12165.9362,1145.8198
684.2086,868.3246,23.0,65.0,54249.6207,4124.1289
1396.8096,2390.2209,35.0,63.0,166523.3409,10461.8564
1819.9026,2750.6631,29.0,62.0,187867.8995,10461.8564
1288.8558,1705.8623,17.0,58.0,81052.2612,7307.8696
790.2029,835.6613,4.0,61.0,20430.1718,1523.2512
516.3669,557.7207,10.0,63.0,23872.2657,1003.5683
433.0191,496.2302,18.0,58.0,31756.1807,1359.8068
972.4485,1670.1309,31.0,56.0,106234.9119,7756.1885
1605.0925,2288.1782,33.0,57.0,174212.7953,7756.1885
1350.0861,1763.3085,17.0,56.0,96887.8055,7686.8486
902.2825,929.7893,3.0,61.0,19132.1202,1564.6168
694.7864,718.5917,0.0,64.0,12733.7223,1076.126
540.6915,557.1022,0.0,59.0,11433.1259,775.4245
737.8422,1276.0389,16.0,60.0,64797.987,7240.9629
1785.6658,2891.1431,32.0,63.0,192212.4416,8980.6943
1806.4753,2759.4292,34.0,66.0,187063.9119,8980.6943
928.9719,1069.7888,22.0,62.0,69312.0433,3490.6704
792.8174,822.8174,2.0,56.0,17511.5444,1207.6943
703.8628,712.3572,0.0,60.0,8296.0035,1008.8901
850.0681,1447.0626,12.0,62.0,69156.2077,6966.1704
1583.8088,2751.5566,31.0,62.0,169355.2543,10423.9453
2010.3519,3220.7808,36.0,57.0,240463.9754,10975.2461
1481.3346,2296.0024,19.0,55.0,140663.3853,10975.2461
894.8426,954.7457,12.0,64.0,33174.4847,1622.9303
624.0574,696.3165,20.0,65.0,41675.1731,1622.9303
573.3552,605.2559,10.0,59.0,23493.8821,974.497
541.682,567.1788,3.0,60.0,12497.7617,832.4173
1094.4121,2132.5691,20.0,63.0,112925.163,9346.373
2016.9072,3406.3621,34.0,62.0,252379.8558,14657.4814
1656.8265,2779.8301,20.0,62.0,157665.1738,14657.4814
913.4385,944.811,2.0,65.0,18030.4922,1522.7446
756.3557,767.1685,0.0,67.0,9832.8515,1091.1636
614.856,668.3052,9.0,64.0,20551.0956,2061.3389
858.4413,1503.3121,30.0,63.0,91744.3302,6808.8018
2217.2483,3784.9087,42.0,66.0,290232.4777,17727.1191
2205.6875,3625.1658,29.0,62.0,253034.4061,17727.1191
1057.9456,1172.8557,11.0,56.0,54379.5154,3649.0957
861.6835,899.4329,4.0,62.0,25542.656,1315.0422
724.5029,746.1879,2.0,62.0,16642.0419,997.0212
803.9559,1172.9811,12.0,51.0,48903.5975,6054.2651
1309.661,2174.5483,37.0,62.0,151690.1463,8498.4004
2274.0137,3573.8369,47.0,68.0,284449.1478,10872.0342
2030.4124,3177.3079,35.0,65.0,226689.3879,10872.0342
1042.4747,1192.3052,26.0,59.0,82610.142,4008.3813
882.9083,963.714,12.0,64.0,45698.6736,2289.4014
805.4451,850.0865,2.0,63.0,24298.0184,1296.1257
730.6785,873.7796,10.0,53.0,39997.0779,3478.4612
1890.6599,3270.9482,25.0,55.0,200646.9093,17809.0371
2804.8767,4290.75,27.0,61.0,298503.4201,17809.0371
1933.3813,3011.179,12.0,58.0,137318.8809,13645.6318
1129.0802,1169.8226,2.0,62.0,21333.5541,1690.9141
882.3013,912.5884,2.0,63.0,19666.9103,1351.8499
760.4626,785.7518,7.0,59.0,21461.2773,1149.7803
1247.7928,1930.4459,31.0,60.0,113725.4141,9399.8643
2149.6997,3329.168,51.0,66.0,283704.7482,13061.1025
2270.7463,3370.8821,31.0,63.0,233376.2512,13061.1025
1674.7833,2152.5586,6.0,56.0,56988.6355,10020.2285
1188.9308,1205.1179,0.0,59.0,10800.4037,1596.696
959.3314,967.4199,0.0,56.0,7549.9018,1222.0811
732.607,771.3499,8.0,50.0,17717.1512,1558.3781
970.9571,1488.9354,31.0,57.0,101643.5455,6919.4287
2273.0784,3668.0959,41.0,60.0,301202.4163,16215.3623
2394.231,3671.8171,27.0,59.0,263330.7452,16215.3623
1393.7882,1659.4091,8.0,60.0,50398.8677,8755.1582
1074.8209,1085.6967,0.0,62.0,7804.1064,1350.7891
860.6058,869.184,0.0,63.0,6958.7149,1122.1089
776.5433,989.0621,14.0,61.0,42424.8981,5462.6831
1578.569,2678.7881,40.0,65.0,175576.1643,8996.4414
1892.2842,2941.9624,41.0,62.0,200326.7043,9442.0098
1183.8093,1624.8016,16.0,62.0,76513.1895,9442.0098
821.8484,853.736,0.0,69.0,19864.2937,1364.7493
635.414,651.9825,0.0,72.0,15101.9702,966.2569
499.096,528.3809,8.0,66.0,16960.8628,897.8941
993.6877,2128.3113,21.0,57.0,89812.4461,9689.7627
2228.0542,3639.9631,29.0,60.0,224860.1854,16063.8701
1965.2196,3068.0322,25.0,63.0,155910.8533,16063.8701
1012.592,1038.0619,8.0,60.0,25965.1,1415.0608
835.1287,855.2011,0.0,62.0,11054.5811,1204.145
604.6234,628.4258,4.0,62.0,13001.417,880.5867
489.7307,511.4078,6.0,56.0,12669.85,771.5009
681.0922,980.6837,21.0,56.0,55787.0168,3925.6367
2036.0735,3588.3865,36.0,60.0,235898.1059,16275.7549
2180.7375,3576.7813,21.0,57.0,203912.9937,16275.7549
978.9594,1055.4714,12.0,58.0,37359.6163,2631.7676
680.5585,744.4662,16.0,56.0,31073.7933,1139.1672
538.1858,582.2127,10.0,61.0,27596.5413,1037.0452
588.7359,762.5615,18.0,69.0,48232.5478,3098.9268
1557.0852,2790.1907,35.0,64.0,199932.9774,11215.625
2120.8264,3282.4001,42.0,65.0,279031.6622,11215.625
1562.6871,2108.093,27.0,66.0,137657.2778,7679.9277
1051.7439,1164.4565,8.0,61.0,43377.0698,3906.6992
737.5099,767.4879,4.0,62.0,22031.4033,1174.7595
679.4485,694.0587,0.0,68.0,12979.0024,1055.2813
962.3014,1417.4891,13.0,63.0,67689.413,6703.772
2435.5505,3640.8018,33.0,56.0,244647.2357,12823.1855
2572.1648,3738.3062,28.0,64.0,249606.0925,12823.1855
1318.6328,1768.7195,8.0,58.0,69995.9622,11266.6953
1002.2695,1020.9116,0.0,48.0,14920.6453,1440.4941
816.9407,837.974,0.0,54.0,14478.3128,1158.3354
944.7126,1427.4762,6.0,56.0,44193.588,7723.2271
1402.3123,2384.7136,24.0,58.0,161151.3045,9254.5459
1857.3263,2968.8486,40.0,66.0,249283.8741,13151.6631
1563.6354,2341.8936,23.0,61.0,134010.9218,13151.6631
895.9659,972.5528,8.0,58.0,33105.113,1777.5726
687.8727,762.0269,10.0,64.0,41041.8381,1777.5726
678.1698,713.1145,4.0,63.0,25901.8843,1517.2484
704.2437,806.76,10.0,57.0,32799.0262,2784.0767
1959.2996,3733.7578,28.0,59.0,191874.6614,19883.8672
2173.5579,3815.2971,38.0,63.0,225229.5296,19883.8672
1012.5266,1192.5918,20.0,59.0,68017.0872,4671.7617
819.7344,855.011,0.0,56.0,19976.8511,1289.4971
675.233,712.4014,0.0,58.0,18114.8888,1289.4971
807.9022,1395.8427,9.0,53.0,50006.266,7933.873
1000.0358,1738.4697,23.0,58.0,95287.6842,7933.873
1648.5049,3054.0205,38.0,65.0,203425.2307,17378.7031
1915.1649,3382.8633,34.0,69.0,218719.2593,17378.7031
1229.1917,1968.8552,15.0,66.0,82873.3873,13471.6426
932.9214,965.0517,4.0,62.0,22295.1182,1962.7804
822.2081,836.0343,0.0,61.0,12295.4751,1262.4143
665.4036,711.2508,6.0,60.0,23806.8345,2211.2739
1630.6589,2770.793,35.0,60.0,184879.0308,10575.7764
2399.7825,3554.2966,41.0,60.0,291797.54,12093.2461
1625.2615,2414.0469,13.0,59.0,132796.995,12093.2461
1030.1611,1053.104,0.0,58.0,17488.9489,1500.3672
836.5785,863.343,0.0,62.0,17097.2209,1500.3672
651.679,669.7283,0.0,61.0,13528.5905,1089.4883
520.4001,537.2433,0.0,61.0,11709.5245,781.7946
443.8398,615.5765,12.0,61.0,31089.7762,3339.9302
620.3223,994.5052,33.0,63.0,73847.9731,3831.0625
669.3203,980.27,36.0,55.0,74529.8226,3831.0625
458.7458,594.2155,24.0,58.0,42674.1446,2779.9658
306.5257,379.5907,25.0,62.0,26411.9011,1914.8049
225.102,261.3727,25.0,63.0,17618.0948,572.3601
759.4951,1490.109,29.0,63.0,66032.6658,8043.8345
2318.0686,4040.4695,38.0,61.0,271819.0093,16433.7246
2231.3306,3877.677,41.0,59.0,275597.7687,16433.7246
1038.6925,1170.3607,21.0,60.0,66756.0784,4234.4814
927.7294,946.2894,0.0,68.0,18701.1779,1311.5925
665.9636,729.6801,6.0,72.0,22749.8417,1175.2583
449.4529,480.9109,6.0,71.0,21560.8684,743.4201
660.8788,1156.3573,15.0,66.0,57206.7902,6044.1499
1989.298,3472.7029,31.0,63.0,216244.8704,13194.6904
2245.0078,3617.9597,27.0,62.0,229691.1746,13194.6904
1095.5775,1614.9963,10.0,62.0,73019.4354,9006.8145
752.9089,780.1443,0.0,65.0,21385.2914,1199.054
622.6431,653.6829,5.0,63.0,22663.0668,1072.4802
1379.4937,2994.3147,23.0,62.0,136699.9253,17238.457
2669.7815,4678.9922,38.0,66.0,319529.7352,18459.3633
2200.8542,3752.6008,33.0,61.0,237971.1584,18459.3633
1242.3179,1362.2772,19.0,54.0,75855.6375,3077.5957
1035.8062,1146.1172,16.0,57.0,56608.4704,2285.7307
823.2751,896.1973,14.0,64.0,45959.3452,1429.9548
1274.452,1960.7103,25.0,65.0,112386.1322,7594.9619
2153.2241,3273.343,38.0,61.0,246975.6596,11368.7471
2406.6243,3532.9546,44.0,60.0,294553.9374,11368.7471
1906.1538,2623.6963,38.0,62.0,208812.9661,11143.0264
1557.762,1706.203,14.0,60.0,76291.0127,5260.4326
1446.4827,1475.754,0.0,53.0,18521.0985,2055.4094
1188.3586,1232.969,4.0,61.0,24376.3739,1702.9739
1292.9897,1869.0165,15.0,66.0,82978.3958,9164.793
2513.792,4200.1553,36.0,60.0,300559.7644,18746.7852
2381.489,3955.5278,24.0,61.0,246165.8035,18746.7852
1184.9564,1232.5509,0.0,67.0,27521.8271,2029.229
941.0869,989.1806,2.0,72.0,27939.5103,1595.0173
814.5184,841.3517,2.0,66.0,22112.9548,1232.6753
796.5132,935.7194,6.0,67.0,34964.3644,4781.0869
791.0273,1041.3353,20.0,63.0,63795.485,4781.0869
734.8547,891.5099,14.0,60.0,44737.0914,3845.6973
524.6328,564.1679,0.0,62.0,13625.9543,1061.2246
340.7661,370.1194,0.0,65.0,13304.0759,771.4229
286.7527,306.0411,0.0,63.0,10490.7333,566.3409
577.7747,1086.0865,13.0,50.0,44489.3934,6328.7969
1402.1272,2640.29,25.0,53.0,147496.8444,12187.7246
1377.6053,2526.2737,25.0,67.0,142986.0078,12187.7246
713.7689,860.9049,13.0,63.0,42847.0123,4123.2773
519.6672,543.6572,0.0,62.0,12762.1328,964.1335
408.1579,424.944,0.0,65.0,11336.1112,724.1326
410.7265,541.1529,3.0,62.0,21127.0309,3191.2061
587.587,984.8059,18.0,56.0,53259.7902,4857.6968
1436.8447,2426.8577,31.0,50.0,151267.532,12652.5234
1371.167,2316.6111,22.0,56.0,129960.7792,12652.5234
596.788,643.4159,6.0,62.0,21859.826,1361.718
515.2711,531.4083,0.0,63.0,10318.4178,1009.9359
404.6619,419.0174,0.0,62.0,8367.5231,716.8803
889.1388,2065.3523,9.0,60.0,72462.4675,11959.1543
2257.2341,3621.9319,31.0,61.0,243329.3716,11959.1543
2041.7632,3070.9807,23.0,60.0,185827.7258,11738.623
932.7594,946.92,0.0,63.0,12656.4354,1361.4072
804.1265,815.4797,0.0,60.0,10965.1171,1175.0964
609.1904,639.0781,0.0,63.0,13149.2407,1175.0964
891.931,1970.2246,13.0,69.0,62485.0906,11246.5098
2190.6584,3884.9441,35.0,61.0,192573.5976,13917.8604
2423.2327,3788.8765,27.0,58.0,176863.6262,13917.8604
1457.092,1918.0533,5.0,66.0,43585.3444,9163.0986
1038.2164,1051.9738,0.0,70.0,10670.794,1446.3311
802.0601,822.5461,0.0,59.0,9786.7908,1439.1614
1235.087,2246.3364,11.0,54.0,69007.5327,10939.0029
2016.9924,3346.5051,30.0,61.0,207182.2446,15129.0156
1640.2865,2634.9482,18.0,65.0,140108.397,15129.0156
927.8745,948.6833,0.0,62.0,9887.4007,1596.687
724.7123,743.7943,0.0,60.0,9615.7478,1290.3704
842.9368,1229.8472,12.0,67.0,52476.1658,5408.9053
1915.6068,3313.4597,37.0,65.0,209087.6158,16708.6465
2031.1039,3342.4094,41.0,64.0,225021.7242,16708.6465
1113.4247,1396.3076,16.0,58.0,67072.2385,7230.4546
853.8392,867.8398,0.0,52.0,6546.8189,1350.2607
643.6679,662.7731,0.0,52.0,5762.7111,1109.4802
492.7249,527.4853,6.0,58.0,15412.6008,1834.4358
1029.174,1698.2621,27.0,68.0,104288.9525,6617.791
1145.6807,1742.2972,28.0,61.0,112784.9285,6617.791
612.8105,659.1489,8.0,57.0,25204.4423,2075.1938
466.356,481.119,2.0,63.0,10226.281,812.9612
339.5211,363.7902,3.0,63.0,10818.8568,732.0291
515.8521,1022.7927,17.0,61.0,39121.3795,5320.5718
1884.3376,3265.6865,27.0,59.0,165128.7935,15803.6699
2708.4277,3886.6641,31.0,56.0,243302.8615,15803.6699
1808.8405,2488.5188,16.0,61.0,116366.0955,11797.7236
1062.6975,1084.3405,0.0,61.0,9645.4665,1530.4944
816.2044,830.1292,0.0,63.0,8710.1454,1422.5852
731.0266,779.22,1.0,62.0,12789.1559,3002.0552
1330.6838,2605.8125,28.0,66.0,162135.8937,15340.1523
1437.3138,2756.7507,34.0,65.0,190883.171,15340.1523
860.6184,1204.8527,7.0,60.0,35555.8651,8206.7305
712.821,720.8802,0.0,66.0,8252.1185,982.5615
583.8165,593.8907,0.0,64.0,6474.3447,909.8566
690.447,1285.7997,7.0,60.0,37119.4286,9371.2764
1665.6438,2965.2961,29.0,60.0,188687.7352,11139.748
2050.7341,3322.8638,36.0,63.0,254785.2762,11779.2813
1309.0499,2062.5298,15.0,56.0,97513.9876,11779.2813
913.9336,923.0942,0.0,59.0,7522.1647,1312.7371
710.8989,741.0502,6.0,66.0,17552.611,1163.0869
587.8372,638.2672,17.0,66.0,37696.5085,1532.4771
1137.3967,2056.7881,25.0,52.0,109566.1081,10649.1387
1567.1892,2641.0906,29.0,47.0,164123.0976,10649.1387
1170.8705,1860.3431,18.0,58.0,95259.2776,8540.1006
830.7505,895.7212,3.0,65.0,20199.6639,3833.2078
706.2756,717.1815,0.0,71.0,9622.5212,1083.3813
542.574,568.6699,3.0,61.0,14103.503,1266.8994
423.929,466.7529,12.0,52.0,22393.0342,1266.8994
1216.2191,2399.0522,27.0,62.0,148669.0376,10195.002
1848.5272,2928.3733,31.0,64.0,207752.36,10195.002
1289.1057,1829.7717,12.0,65.0,75762.1163,8774.4482
871.6863,882.5142,0.0,70.0,12643.0291,1189.0007
709.8563,735.6677,4.0,66.0,18394.2077,1036.5227
529.004,558.1301,6.0,62.0,18697.5052,887.317
787.6656,1593.241,17.0,58.0,61195.9236,10266.1699
1935.3384,3202.8411,33.0,61.0,216923.4363,11982.4648
2382.9468,3455.2434,31.0,66.0,269096.3454,11982.4648
1567.1591,2177.9412,13.0,67.0,110632.0941,10411.3564
1061.0475,1071.4949,0.0,64.0,9794.0983,1463.9512
862.8881,880.1689,0.0,57.0,8543.3942,1182.1326
954.5222,1741.4711,23.0,64.0,91756.054,12789.6543
2170.3887,3843.6013,48.0,67.0,284081.6372,14402.5996
2364.593,3718.9717,29.0,62.0,229733.3256,14402.5996
1340.6162,1571.6763,6.0,64.0,40768.0089,6978.8535
1029.729,1052.7485,2.0,67.0,11234.6052,1339.8496
835.4816,858.0662,2.0,65.0,11016.6707,1254.1606
688.7137,859.476,7.0,67.0,22882.0236,5111.3008
1304.7974,2291.1155,26.0,68.0,119759.5099,9669.335
1521.7996,2420.0112,26.0,65.0,135877.8403,9669.335
932.52,1173.851,6.0,63.0,42678.0612,6469.5747
659.1822,681.3669,0.0,63.0,10486.0906,1070.6108
505.0215,517.0011,0.0,65.0,8427.8521,826.1353
956.285,1681.8027,17.0,63.0,88796.6082,7552.0078
1815.3348,3025.1223,36.0,61.0,205450.1606,13606.1875
1799.7111,2886.7554,35.0,62.0,189772.7261,13606.1875
1360.7513,1838.1443,28.0,60.0,119657.3639,5959.0967
1086.9662,1412.3669,30.0,60.0,90990.8484,5959.0967
865.321,1008.8433,33.0,67.0,83699.2946,2891.061
895.646,978.1909,20.0,65.0,59098.5658,2483.4387
1841.4094,2847.9727,25.0,60.0,172980.2575,10018.1299
3113.7285,4417.7217,38.0,61.0,342240.4326,15495.21
2576.3516,3756.6697,34.0,61.0,243938.5204,15495.21
1719.7104,1979.0905,18.0,63.0,87776.3616,6305.4258
1568.7578,1624.6055,1.0,63.0,22017.3423,4684.874
1217.5176,1241.4226,0.0,61.0,12394.9665,1839.4395
982.1885,1000.0571,1.0,62.0,11726.2241,2058.5557
1696.2877,2610.7793,21.0,59.0,143269.1037,9674.7031
2446.3228,3634.9199,31.0,53.0,235406.3073,11650.0947
1847.6792,2812.5273,25.0,53.0,149605.9788,11650.0947
1208.4368,1320.5358,12.0,58.0,58922.0685,3855.583
1075.4825,1091.1503,0.0,60.0,11029.5705,1361.9009
1955.7783,2933.7839,18.0,59.0,151349.7527,10910.375
3722.7996,5614.6313,36.0,65.0,432627.207,20587.9082
3250.9487,5113.001,35.0,67.0,379611.5903,20587.9082
1863.7935,2184.498,26.0,61.0,151942.0706,7661.5098
1629.5735,1801.7737,16.0,59.0,75025.998,6429.2129
2647.376,4218.9414,17.0,64.0,216819.3805,18408.584
3334.1677,4866.8267,24.0,63.0,331692.3519,18408.584
2250.1726,2927.2996,11.0,54.0,131928.99,14774.7148
1794.5112,1819.4615,0.0,51.0,16842.1689,2311.0054
1448.995,1487.2147,0.0,57.0,10326.3169,1976.9673
1673.3156,2710.9751,7.0,58.0,99433.3681,14814.5957
2426.6499,4050.6362,28.0,51.0,269493.5224,17988.2949
2575.7095,3968.8584,37.0,52.0,305062.3541,17988.2949
2033.4071,2715.2126,18.0,58.0,142196.8611,11784.7344
1314.1125,1763.0844,23.0,66.0,105559.2938,10238.4004
1955.1558,3302.7329,34.0,67.0,210821.277,13250.9902
1977.0326,3273.4143,15.0,65.0,153660.7784,13250.9902
1426.0653,1765.3401,3.0,65.0,41171.6875,9196.3496
325.8015,377.3521,12.0,71.0,20326.2913,805.7681
347.5479,396.1404,8.0,60.0,15924.2395,893.4639
217.0643,269.7134,29.0,58.0,15546.2483,893.4639
171.7823,222.7331,40.0,56.0,18949.4155,708.5303
366.9762,699.3189,35.0,49.0,39822.835,3881.9524
1074.2848,2368.0857,39.0,59.0,138278.0959,13344.5605
1745.4012,2979.7751,44.0,69.0,224972.7837,13344.5605
1766.9329,2464.5383,35.0,59.0,185244.0515,9506.501
1448.238,1770.9011,12.0,55.0,81444.3486,8242.126
1034.7013,1078.1115,0.0,61.0,17511.4336,1587.2002
653.4163,716.377,0.0,64.0,18863.021,1275.3008
902.5358,1480.8427,21.0,59.0,85813.0508,7331.7036
1798.1433,2605.822,47.0,57.0,201252.2842,7659.874
2031.0586,2795.1221,42.0,62.0,203351.9646,8182.5322
1441.3292,1921.8663,17.0,60.0,92716.4514,8182.5322
970.2521,1003.7354,0.0,57.0,16895.1501,1611.4358
694.3639,762.878,2.0,60.0,21867.9431,1798.553
1755.7133,2991.072,25.0,66.0,201019.7656,11103.8262
2611.73,3754.9746,48.0,60.0,333795.8694,11785.832
2109.5708,2862.865,39.0,60.0,221950.0117,11785.832
1569.7478,1893.521,13.0,66.0,93115.1196,7165.6177
1107.9866,1156.6433,0.0,61.0,20385.0854,2009.675
694.363,821.64,6.0,64.0,19448.458,1841.8687
976.0872,2002.2029,32.0,72.0,138762.6851,12533.7803
1800.4929,2850.9758,56.0,72.0,260824.6204,12533.7803
1591.9171,2238.3093,32.0,60.0,158231.239,9922.0439
781.5502,968.1732,10.0,51.0,37922.2512,1914.3425
314.1667,404.4447,18.0,51.0,23100.5254,1313.1021
394.7915,465.124,13.0,56.0,20705.739,1016.1648
1056.5442,1750.288,15.0,57.0,80250.186,8095.4707
1609.7734,2483.7068,38.0,61.0,193204.0962,8744.458
1638.8461,2423.0366,37.0,66.0,195358.6531,9418.8516
1245.2909,1735.6324,11.0,58.0,87144.824,9418.8516
702.1061,771.5721,2.0,65.0,24895.8855,1651.5002
444.9444,500.1976,8.0,62.0,20161.0164,1222.1799
1067.2935,2321.2209,19.0,57.0,97682.2822,15776.4023
1819.2303,2881.7117,32.0,64.0,190086.1018,15776.4023
1819.8121,2348.7007,39.0,58.0,194810.676,6618.2598
1504.0935,1830.1235,26.0,50.0,115813.6763,6618.2598
899.9677,1011.3791,4.0,67.0,27456.3191,2127.8621
372.016,468.6956,20.0,71.0,18385.0391,1185.1807
562.7298,1186.8413,28.0,59.0,51324.6157,6990.9297
1748.264,2843.1372,23.0,56.0,184174.5027,9367.8701
2390.1287,3188.3667,22.0,58.0,197986.7766,9367.8701
1846.4937,2141.3511,7.0,56.0,60439.3696,8022.2026
1080.0393,1181.4281,0.0,54.0,18401.3574,1993.4607
636.6302,678.3447,3.0,58.0,18498.751,1423.0696
1155.2158,1994.1127,17.0,58.0,85708.5349,8760.4688
2848.5605,4372.4658,28.0,59.0,308579.3796,16525.6641
3071.2246,4330.6943,23.0,55.0,304299.4897,16525.6641
1999.2202,2263.6135,7.0,52.0,79289.3538,9249.5703
1390.4641,1482.7947,0.0,63.0,19015.6504,2620.355
769.6837,827.8447,0.0,59.0,18378.8511,1430.7285
1022.322,1660.7793,17.0,61.0,85899.8157,8743.6553
1890.0981,2686.4473,34.0,66.0,213679.7212,10199.4316
2122.3611,2650.1821,23.0,65.0,176098.2876,10199.4316
1460.9125,1703.3768,6.0,63.0,53651.9336,6551.4614
639.0358,760.2295,6.0,55.0,15967.8035,1535.6223
291.4829,341.1521,23.0,58.0,20657.9766,782.437
927.7965,1614.9896,36.0,67.0,112637.321,6404.7842
1756.4484,2677.5046,38.0,69.0,241682.4287,11859.4395
2111.4072,2965.4998,24.0,61.0,200089.0012,11859.4395
1591.1978,2151.7241,8.0,51.0,75554.2644,11065.1016
725.6719,791.4093,6.0,56.0,26072.4529,1580.3022
543.8259,693.2173,13.0,62.0,30762.8252,3067.095
1345.1342,2365.3101,27.0,56.0,136351.1162,9026.8213
2373.5173,3468.0022,28.0,54.0,251085.4675,11898.2178
2282.5789,2978.8862,16.0,63.0,167352.6409,11898.2178
1536.349,1669.9484,4.0,64.0,47744.4822,4604.4897
799.6801,937.0335,9.0,47.0,28426.0222,2753.3794
1380.7009,2412.3887,33.0,52.0,150985.9617,12233.3164
2253.8447,3242.438,43.0,66.0,265709.8362,12233.3164
2076.2063,2619.4712,27.0,61.0,156952.8083,9865.7695
1592.8417,1676.1366,7.0,64.0,41631.2944,2602.5518
